0 0 0 2 7 6 5 1 0 3 4 
9 1 8 2 0 6 5 1 7 3 4 
9 1 8 2 7 6 5 0 1 3 4 
9 1 8 2 7 6 5 1 3 0 4 
10 2 8 0 2 6 5 1 7 3 4 
10 2 8 0 7 6 5 2 1 3 4 
10 3 7 1 2 6 5 0 7 3 4 
10 4 6 1 2 6 5 7 0 3 4 
10 2 8 2 6 0 5 1 7 3 4 
10 2 8 2 7 0 5 1 3 6 4 
10 3 7 2 0 7 5 1 3 6 4 
10 3 7 2 7 5 0 1 3 6 4 
10 4 6 2 7 5 4 1 3 6 0 
10 5 5 2 7 5 4 1 3 0 6 
10 2 8 2 7 6 5 1 3 4 0 
10 3 7 2 7 6 0 1 3 4 5 
10 3 7 7 0 6 5 2 1 3 4 
11 4 7 0 2 7 5 1 3 6 4 
11 5 6 0 7 5 2 1 3 6 4 
11 5 6 1 0 6 5 7 2 3 4 
11 5 6 1 2 6 5 4 7 3 0 
11 6 5 1 2 6 0 4 7 3 5 
11 6 5 1 2 6 5 4 7 0 3 
11 5 6 1 2 6 5 7 3 0 4 
11 4 7 2 3 7 5 1 0 6 4 
11 5 6 2 3 7 5 0 1 6 4 
11 5 6 2 3 7 5 1 6 0 4 
11 3 8 2 6 3 5 1 7 0 4 
11 4 7 2 6 3 5 1 0 7 4 
11 5 6 2 0 3 5 1 6 7 4 
11 6 5 0 2 3 5 1 6 7 4 
11 7 4 1 2 3 5 0 6 7 4 
11 8 3 1 2 3 5 6 0 7 4 
11 6 5 2 3 0 5 1 6 7 4 
11 5 6 2 6 3 5 0 1 7 4 
11 4 7 2 6 3 5 1 7 4 0 
11 5 6 2 6 3 0 1 7 4 5 
11 3 8 2 6 5 0 1 7 3 4 
11 4 7 2 6 5 4 1 7 3 0 
11 5 6 2 6 5 4 1 7 0 3 
11 6 5 2 7 5 4 0 3 6 1 
11 4 7 2 7 6 5 0 3 4 1 
11 3 8 2 7 6 5 4 1 3 0 
11 4 7 2 7 6 0 4 1 3 5 
11 4 7 2 7 6 5 4 1 0 3 
11 4 7 5 2 6 0 1 7 3 4 
11 4 7 5 7 6 0 2 1 3 4 
11 4 7 7 1 6 5 2 0 3 4 
11 4 7 7 6 0 5 2 1 3 4 
12 6 6 0 3 7 5 2 1 6 4 
12 6 6 0 6 3 5 2 1 7 4 
12 5 7 0 6 5 2 1 7 3 4 
12 7 5 0 7 5 4 1 3 6 2 
12 5 7 0 7 6 5 1 3 4 2 
12 6 6 1 0 6 5 2 7 3 4 
12 6 6 1 2 0 5 7 3 6 4 
12 9 3 1 2 3 5 4 6 7 0 
12 10 2 1 2 3 0 4 6 7 5 
12 10 2 1 2 3 5 4 6 0 7 
12 6 6 1 2 6 0 5 7 3 4 
12 7 5 1 2 0 6 5 7 3 4 
12 7 5 1 2 6 4 5 7 3 0 
11 8 3 1 2 6 4 5 7 0 3 
12 9 3 1 2 6 4 0 7 3 5 
12 6 6 1 2 6 5 7 3 4 0 
12 7 5 1 2 6 0 7 3 4 5 
12 5 7 1 2 7 5 0 3 6 4 
12 6 6 1 2 7 5 3 0 6 4 
12 6 6 1 7 5 2 0 3 6 4 
12 7 5 1 7 5 2 3 0 6 4 
12 5 7 1 7 6 5 2 0 3 4 
12 6 6 1 7 6 5 0 2 3 4 
12 6 6 1 7 6 5 2 3 0 4 
12 4 8 2 0 6 5 7 1 3 4 
12 6 6 2 6 3 5 0 7 4 1 
12 6 6 2 6 5 4 0 7 3 1 
12 7 5 2 7 0 4 1 3 6 5 
12 5 7 2 7 0 5 1 3 4 6 
12 4 8 2 7 0 6 1 3 4 5 
12 6 6 2 7 5 1 0 3 6 4 
12 6 6 2 7 5 6 1 3 0 4 
12 4 8 2 7 6 0 5 1 3 4 
12 5 7 2 7 0 6 5 1 3 4 
12 5 7 2 7 6 4 5 1 3 0 
11 6 5 2 7 6 4 5 1 0 3 
12 7 5 2 7 6 4 0 1 3 5 
12 7 5 3 0 7 5 2 1 6 4 
12 5 7 5 2 0 6 1 7 3 4 
12 8 4 5 2 3 0 1 6 7 4 
12 5 7 5 2 6 4 1 7 3 0 
11 6 5 5 2 6 4 1 7 0 3 
12 7 5 5 2 6 4 0 7 3 1 
12 5 7 5 7 0 6 2 1 3 4 
12 5 7 5 7 6 4 2 1 3 0 
12 6 6 5 7 6 4 2 1 0 3 
12 6 6 7 0 5 2 1 3 6 4 
12 5 7 7 1 6 5 0 2 3 4 
12 5 7 7 1 6 5 2 3 0 4 
12 5 7 7 2 6 5 1 0 3 4 
12 5 7 7 6 3 5 2 1 0 4 
12 5 7 7 6 5 0 2 1 3 4 
12 6 6 7 6 5 4 2 1 3 0 
12 7 5 7 6 5 4 2 1 0 3 
13 7 6 0 1 6 5 2 7 3 4 
13 6 7 0 1 6 5 7 2 3 4 
13 8 5 0 2 6 1 5 7 3 4 
13 8 5 0 2 6 4 1 7 3 5 
13 10 3 0 2 6 4 5 7 3 1 
13 8 5 0 2 6 5 4 7 3 1 
13 5 8 0 2 6 5 7 1 3 4 
13 7 6 0 6 3 5 1 7 4 2 
13 7 6 0 6 5 4 1 7 3 2 
13 7 6 0 6 5 7 2 1 3 4 
13 7 6 0 7 5 1 2 3 6 4 
13 7 6 0 7 5 4 2 3 6 1 
13 5 8 0 7 6 2 1 3 4 5 
13 6 7 0 7 6 2 5 1 3 4 
13 8 5 0 7 6 4 5 1 3 2 
13 5 8 0 7 6 5 2 3 4 1 
13 6 7 0 7 6 5 4 1 3 2 
13 7 6 1 0 2 5 7 3 6 4 
13 8 5 1 0 2 6 5 7 3 4 
13 10 3 1 0 3 5 2 6 7 4 
13 9 4 1 0 3 5 6 2 7 4 
13 8 5 1 0 5 2 3 7 6 4 
13 7 6 1 0 7 5 3 2 6 4 
13 10 3 1 2 0 4 5 7 3 6 
13 9 4 1 2 0 4 5 7 6 3 
13 8 5 1 2 0 5 4 7 3 6 
13 7 6 1 2 0 5 4 7 6 3 
13 7 6 1 2 0 6 4 7 3 5 
13 10 3 1 2 3 0 5 6 7 4 
13 11 2 1 2 0 3 5 6 7 4 
13 11 2 1 2 3 4 5 6 7 0 
