0 0 0 2 7 6 5 1 0 3 4 
12 1 11 2 0 6 5 1 7 3 4 
12 1 11 2 7 6 5 0 1 3 4 
12 1 11 2 7 6 5 1 3 0 4 
13 2 11 0 2 6 5 1 7 3 4 
13 3 10 1 2 6 5 0 7 3 4 
12 4 8 1 2 6 5 7 0 3 4 
13 5 8 1 0 6 5 7 2 3 4 
13 5 8 1 2 6 5 4 7 3 0 
13 5 8 1 2 6 5 7 3 0 4 
13 2 11 2 6 0 5 1 7 3 4 
13 3 10 2 6 3 5 1 7 0 4 
12 4 8 2 6 3 5 1 0 7 4 
12 5 7 2 0 3 5 1 6 7 4 
12 5 7 2 6 3 5 0 1 7 4 
12 4 8 2 6 3 5 1 7 4 0 
13 6 7 0 2 3 5 1 6 7 4 
13 7 6 1 2 3 5 0 6 7 4 
12 8 4 1 2 3 5 6 0 7 4 
13 9 4 1 2 3 5 4 6 7 0 
13 6 7 2 3 0 5 1 6 7 4 
13 5 8 2 6 3 0 1 7 4 5 
13 3 10 2 6 5 0 1 7 3 4 
13 4 9 2 6 5 4 1 7 3 0 
12 5 7 2 6 5 4 1 7 0 3 
13 6 7 2 6 5 4 0 7 3 1 
14 6 8 0 6 3 5 2 1 7 4 
14 5 9 0 6 5 2 1 7 3 4 
14 7 7 0 6 5 4 1 7 3 2 
14 2 12 0 7 6 5 2 1 3 4 
14 10 4 1 0 3 5 2 6 7 4 
14 9 5 1 0 3 5 6 2 7 4 
14 6 8 1 0 6 5 2 7 3 4 
14 10 4 1 2 3 0 4 6 7 5 
14 10 4 1 2 3 0 5 6 7 4 
13 11 2 1 2 0 3 5 6 7 4 
13 11 2 1 2 3 4 5 6 7 0 
