0 0 0 2 4 0 1 6 5 3 7 
9 1 8 2 0 4 1 6 5 3 7 
9 1 8 2 4 1 0 6 5 3 7 
9 1 8 2 4 3 1 6 5 0 7 
9 2 7 2 4 3 1 6 0 5 7 
9 2 7 2 4 3 1 6 5 7 0 
8 3 5 2 4 3 0 6 5 7 1 
9 4 5 2 4 3 1 0 5 7 6 
10 2 8 0 2 4 1 6 5 3 7 
10 5 5 0 4 3 1 6 5 7 2 
10 3 7 2 0 3 1 6 4 5 7 
10 5 5 2 4 0 1 6 5 7 3 
10 4 6 2 4 0 3 6 5 7 1 
10 2 8 2 4 1 7 6 5 3 0 
9 3 6 2 4 1 7 6 5 0 3 
10 4 6 2 4 1 7 0 5 3 6 
10 3 7 2 4 3 1 0 6 5 7 
10 4 6 0 4 3 1 2 6 5 7 
10 2 8 2 5 4 1 6 0 3 7 
10 3 7 6 2 4 1 0 5 3 7 
11 4 7 0 2 3 1 6 4 5 7 
11 3 8 0 4 1 2 6 5 3 7 
11 5 6 0 4 1 7 6 5 3 2 
11 5 6 0 4 3 1 2 5 7 6 
11 5 6 0 4 3 2 6 5 7 1 
11 4 7 1 2 4 0 6 5 3 7 
11 5 6 1 2 0 4 6 5 3 7 
11 6 5 1 0 2 4 6 5 3 7 
11 6 5 1 2 3 4 6 5 0 7 
11 7 4 1 2 3 4 6 0 5 7 
11 7 4 1 2 3 4 6 5 7 0 
10 8 2 1 2 3 0 6 5 7 4 
11 9 2 1 2 3 4 0 5 7 6 
11 5 6 1 2 4 7 6 5 3 0 
11 6 5 1 2 4 7 6 5 0 3 
11 4 7 2 3 0 1 6 4 5 7 
11 5 6 2 3 1 0 6 4 5 7 
11 5 6 2 3 5 1 6 4 0 7 
11 6 5 2 3 5 1 6 0 4 7 
11 6 5 2 3 5 1 6 4 7 0 
11 7 4 2 3 5 0 6 4 7 1 
11 4 7 2 4 0 7 6 5 1 3 
11 5 6 2 4 0 7 6 5 3 1 
11 4 7 2 4 1 7 6 0 5 3 
11 5 6 2 4 3 1 5 0 7 6 
11 6 5 2 0 3 1 5 4 7 6 
11 6 5 2 4 3 1 5 7 0 6 
11 5 6 2 4 3 1 7 6 5 0 
11 6 5 2 4 3 0 7 6 5 1 
11 6 5 2 4 3 1 7 6 0 5 
11 3 8 2 5 4 1 0 6 3 7 
11 4 7 0 5 4 1 2 6 3 7 
11 3 8 2 5 4 1 6 3 0 7 
11 5 6 4 0 3 1 2 6 5 7 
11 5 6 6 2 3 1 0 4 5 7 
11 4 7 6 2 4 1 5 0 3 7 
11 5 6 6 0 4 1 5 2 3 7 
11 5 6 6 2 4 1 5 3 0 7 
12 7 5 0 2 3 1 5 4 7 6 
12 10 2 0 2 3 4 6 5 7 1 
12 5 7 0 4 1 7 2 5 3 6 
12 8 4 1 0 3 4 6 2 5 7 
12 10 2 1 2 0 4 6 5 7 3 
12 6 6 1 2 3 0 6 4 5 7 
12 7 5 1 2 0 3 6 4 5 7 
12 8 4 1 2 3 4 0 6 5 7 
12 9 3 0 2 3 4 1 6 5 7 
12 7 5 1 2 3 7 6 4 5 0 
12 8 4 1 2 3 7 6 4 0 5 
12 7 5 1 2 4 7 0 5 3 6 
12 6 6 1 4 3 0 2 6 5 7 
12 7 5 1 4 0 3 2 6 5 7 
12 7 5 1 4 3 7 2 6 5 0 
12 8 4 1 4 3 7 2 6 0 5 
12 5 7 2 0 1 7 6 4 5 3 
12 6 6 0 2 1 7 6 4 5 3 
12 6 6 2 0 3 1 4 6 5 7 
12 5 7 2 0 4 3 6 5 7 1 
12 5 7 2 0 4 7 6 5 1 3 
12 6 6 2 1 0 7 6 4 5 3 
12 7 5 2 3 0 1 5 4 7 6 
12 6 6 2 3 1 7 6 4 5 0 
11 7 4 2 3 1 7 6 4 0 5 
12 8 4 2 3 1 7 0 4 5 6 
12 8 4 2 3 5 1 0 4 7 6 
12 4 8 2 4 1 3 6 5 0 7 
12 4 8 2 4 1 6 0 5 3 7 
12 5 7 2 4 1 7 0 6 5 3 
12 5 7 2 4 1 7 5 0 3 6 
12 6 6 2 4 3 0 1 6 5 7 
12 6 6 2 4 3 6 0 5 7 1 
12 6 6 2 4 3 7 6 5 0 1 
12 5 7 2 4 7 0 6 5 1 3 
12 5 7 2 4 7 3 6 5 0 1 
12 4 8 2 5 0 1 6 3 4 7 
12 4 8 2 5 4 1 6 3 7 0 
11 5 6 2 5 4 0 6 3 7 1 
12 6 6 2 5 4 1 0 3 7 6 
12 5 7 2 5 4 1 7 6 3 0 
12 6 6 2 5 4 0 7 6 3 1 
12 6 6 2 5 4 1 7 6 0 3 
12 4 8 4 0 1 2 6 5 3 7 
12 6 6 4 0 1 7 2 5 3 6 
12 6 6 4 0 3 1 2 5 7 6 
12 6 6 4 0 3 1 6 5 7 2 
12 6 6 4 0 3 2 6 5 7 1 
12 6 6 4 3 0 1 2 6 5 7 
12 6 6 4 6 3 1 2 0 5 7 
12 5 7 5 0 4 1 2 6 3 7 
12 8 4 5 2 3 1 0 4 7 6 
12 5 7 5 2 4 1 6 0 3 7 
12 6 6 6 2 0 1 5 3 4 7 
12 6 6 6 2 3 1 4 0 5 7 
12 6 6 6 2 4 1 5 3 7 0 
11 7 4 6 2 4 0 5 3 7 1 
12 8 4 6 2 4 1 0 3 7 5 
12 5 7 6 2 4 1 7 5 3 0 
12 6 6 6 2 4 0 7 5 3 1 
12 6 6 6 2 4 1 7 5 0 3 
12 4 8 6 4 1 2 0 5 3 7 
12 6 6 6 4 3 1 0 5 7 2 
12 6 6 6 4 3 2 0 5 7 1 
13 7 6 0 1 2 4 6 5 3 7 
13 7 6 0 2 3 1 4 6 5 7 
13 10 3 0 2 3 4 1 5 7 6 
13 9 4 0 2 4 1 5 3 7 6 
13 6 7 0 2 4 3 6 5 7 1 
13 6 7 0 2 4 7 6 5 1 3 
13 8 5 0 2 4 7 6 5 3 1 
13 7 6 0 3 1 2 6 4 5 7 
13 9 4 0 3 1 7 6 4 5 2 
13 9 4 0 3 5 1 6 4 7 2 
13 5 8 0 4 1 6 2 5 3 7 
13 6 7 0 4 1 7 2 6 5 3 
13 8 5 0 4 3 1 7 6 5 2 
13 7 6 0 4 3 6 2 5 7 1 
13 7 6 0 5 4 1 6 3 7 2 
13 6 7 0 6 4 1 5 2 3 7 
13 9 4 1 2 0 3 6 5 7 4 
13 8 5 1 2 0 7 6 5 3 4 
13 7 6 1 2 0 7 6 5 4 3 
13 9 4 1 2 3 0 5 4 7 6 
13 10 3 1 2 0 3 5 4 7 6 
13 10 3 1 2 3 4 5 0 7 6 
13 11 2 1 0 3 4 5 2 7 6 
13 11 2 1 2 3 4 5 7 0 6 
13 10 3 1 2 3 4 7 6 5 0 
13 11 2 1 2 3 0 7 6 5 4 
13 11 2 1 2 3 4 7 6 0 5 
13 10 3 1 2 3 6 5 4 7 0 
13 11 2 1 2 3 6 5 4 0 7 
13 9 4 1 2 3 7 0 4 5 6 
13 7 6 1 2 4 3 6 5 0 7 
13 7 6 1 2 4 6 0 5 3 7 
13 7 6 1 2 4 7 6 0 5 3 
13 7 6 1 4 3 0 2 5 7 6 
13 8 5 1 4 0 3 2 5 7 6 
13 7 6 1 4 3 0 6 5 7 2 
13 8 5 1 4 0 3 6 5 7 2 
13 8 5 1 4 3 2 6 5 7 0 
13 9 4 1 4 3 2 6 5 0 7 
13 8 5 1 4 3 6 2 5 7 0 
13 9 4 1 4 3 6 2 5 0 7 
13 9 4 1 4 3 7 0 6 5 2 
13 7 6 1 5 2 4 6 0 3 7 
13 6 7 1 5 4 0 2 6 3 7 
13 7 6 1 5 0 4 2 6 3 7 
13 8 5 1 0 5 4 2 6 3 7 
13 8 5 1 5 3 4 2 6 0 7 
13 9 4 1 5 3 4 2 0 6 7 
13 9 4 1 5 3 4 2 6 7 0 
12 10 2 1 5 3 0 2 6 7 4 
13 11 2 1 5 3 4 0 6 7 2 
13 7 6 1 5 4 7 2 6 3 0 
12 8 4 1 5 4 7 2 6 0 3 
13 9 4 1 5 4 7 0 6 3 2 
13 6 7 2 0 1 7 5 4 3 6 
13 7 6 0 2 1 7 5 4 3 6 
13 7 6 2 0 3 1 4 5 7 6 
13 6 7 2 0 4 1 5 6 3 7 
13 7 6 0 2 4 1 5 6 3 7 
13 6 7 2 0 4 1 6 5 7 3 
13 6 7 2 0 4 7 6 5 3 1 
13 7 6 2 0 5 1 6 3 4 7 
13 7 6 2 1 0 7 5 4 3 6 
13 7 6 2 1 5 7 6 4 0 3 
13 8 5 2 1 5 7 6 0 4 3 
13 8 5 2 1 5 7 6 4 3 0 
13 9 4 2 1 5 0 6 4 3 7 
13 7 6 2 1 7 0 6 4 5 3 
13 7 6 2 3 0 1 4 6 5 7 
13 9 4 2 3 0 1 6 4 7 5 
13 8 5 2 3 0 5 6 4 7 1 
13 8 5 2 3 0 7 6 4 1 5 
13 9 4 2 3 0 7 6 4 5 1 
13 8 5 2 3 1 7 6 0 4 5 
13 7 6 2 3 5 1 0 6 4 7 
13 7 6 2 4 0 1 5 6 3 7 
13 7 6 2 4 0 1 5 7 3 6 
13 7 6 2 4 0 1 7 6 3 5 
13 8 5 2 4 0 1 7 6 5 3 
13 7 6 2 4 0 3 1 6 5 7 
13 5 8 2 4 0 3 6 5 1 7 
13 7 6 2 4 0 3 7 6 5 1 
13 6 7 2 4 1 0 6 5 7 3 
13 5 8 2 4 1 3 6 0 5 7 
13 5 8 2 4 1 3 6 5 7 0 
13 7 6 2 4 1 3 0 5 7 6 
13 5 8 2 4 1 6 5 0 3 7 
13 6 7 2 0 1 6 5 4 3 7 
13 6 7 2 4 1 6 5 3 0 7 
13 6 7 2 4 1 7 5 3 0 6 
13 7 6 2 4 3 0 1 5 7 6 
13 7 6 2 4 3 1 5 7 6 0 
13 8 5 2 4 3 0 5 7 6 1 
13 7 6 2 4 3 1 7 0 6 5 
13 7 6 2 4 3 6 5 0 7 1 
13 8 5 2 0 3 6 5 4 7 1 
13 8 5 2 4 3 6 5 7 0 1 
13 7 6 2 4 3 7 1 6 5 0 
13 8 5 2 4 3 7 1 6 0 5 
13 6 7 2 4 7 0 6 5 3 1 
13 6 7 2 4 7 1 6 5 0 3 
13 7 6 2 5 0 1 6 3 7 4 
13 6 7 2 5 0 4 6 3 7 1 
13 7 6 2 0 5 4 6 3 7 1 
13 5 8 2 5 1 0 6 3 4 7 
13 6 7 2 5 4 0 1 6 3 7 
13 6 7 2 5 4 3 6 0 7 1 
13 6 7 2 5 4 7 6 0 1 3 
13 7 6 2 5 7 4 6 3 0 1 
13 7 6 2 6 3 1 4 0 5 7 
13 7 6 2 6 4 1 5 0 3 7 
13 6 7 4 0 1 6 2 5 3 7 
13 7 6 4 0 1 7 2 6 5 3 
13 6 7 4 0 1 7 6 5 3 2 
13 5 8 4 1 0 2 6 5 3 7 
13 7 6 4 1 0 7 2 5 3 6 
13 8 5 4 2 3 1 0 6 5 7 
13 7 6 4 2 3 1 6 0 5 7 
13 7 6 4 3 0 1 2 5 7 6 
13 7 6 4 3 0 1 6 5 7 2 
13 7 6 4 3 0 2 6 5 7 1 
13 7 6 4 3 1 0 2 6 5 7 
13 7 6 4 3 5 1 2 6 0 7 
13 8 5 4 3 5 1 2 0 6 7 
13 9 4 4 0 5 1 2 3 6 7 
13 9 4 4 3 5 1 0 2 6 7 
13 8 5 4 3 5 1 2 6 7 0 
13 9 4 4 3 5 0 2 6 7 1 
13 5 8 4 5 1 2 6 0 3 7 
13 7 6 4 5 1 7 2 0 3 6 
13 7 6 4 5 3 1 2 0 7 6 
13 7 6 4 5 3 1 6 0 7 2 
13 7 6 4 5 3 2 6 0 7 1 
13 6 7 5 0 4 1 6 2 3 7 
13 6 7 5 2 4 1 0 6 3 7 
13 6 7 5 2 4 1 6 3 0 7 
13 6 7 5 4 0 1 2 6 3 7 
13 6 7 5 6 4 1 2 0 3 7 
13 7 6 6 0 2 1 5 3 4 7 
13 7 6 6 0 3 1 4 2 5 7 
13 6 7 6 0 4 1 2 5 3 7 
13 9 4 6 2 0 1 5 3 7 4 
13 8 5 6 2 0 4 5 3 7 1 
13 9 4 6 0 2 4 5 3 7 1 
13 7 6 6 2 1 0 5 3 4 7 
13 7 6 6 2 1 7 0 4 5 3 
13 7 6 6 2 3 1 4 5 0 7 
13 7 6 6 2 3 1 7 4 5 0 
13 8 5 6 2 3 0 7 4 5 1 
13 8 5 6 2 3 1 7 4 0 5 
13 6 7 6 2 4 0 1 5 3 7 
13 7 6 6 2 4 3 0 5 7 1 
13 9 4 6 2 7 4 5 3 0 1 
13 6 7 6 4 0 1 5 2 3 7 
13 5 8 6 4 1 2 5 0 3 7 
13 6 7 6 0 1 2 5 4 3 7 
13 6 7 6 4 1 2 5 3 0 7 
13 6 7 6 4 1 7 0 5 3 2 
13 7 6 6 4 3 1 2 0 5 7 
13 7 6 6 4 3 1 5 0 7 2 
13 8 5 6 0 3 1 5 4 7 2 
13 8 5 6 4 3 1 5 7 0 2 
13 7 6 6 4 3 2 5 0 7 1 
13 8 5 6 0 3 2 5 4 7 1 
13 8 5 6 4 3 2 5 7 0 1 
13 7 6 7 4 1 0 2 5 3 6 
14 9 5 0 1 3 4 6 2 5 7 
14 9 5 0 1 5 4 2 6 3 7 
14 7 7 0 2 1 6 5 4 3 7 
14 8 6 0 2 3 1 4 5 7 6 
14 10 4 0 2 3 1 6 5 7 4 
14 9 5 0 2 3 6 5 4 7 1 
14 10 4 0 2 3 7 6 4 5 1 
14 7 7 0 2 4 1 6 5 7 3 
14 8 6 0 2 4 1 7 5 3 6 
14 8 6 0 2 4 6 1 5 3 7 
14 9 5 0 2 4 6 5 3 7 1 
14 8 6 0 2 4 7 1 5 3 6 
14 8 6 0 2 5 4 6 3 7 1 
14 9 5 0 3 1 7 2 4 5 6 
14 9 5 0 3 5 1 2 4 7 6 
14 8 6 0 3 5 1 2 6 4 7 
14 9 5 0 3 5 2 6 4 7 1 
14 8 6 0 4 1 3 6 5 7 2 
14 8 6 0 4 3 2 1 6 5 7 
14 8 6 0 4 3 2 7 6 5 1 
14 10 4 0 4 3 7 2 6 5 1 
14 12 2 0 5 3 4 2 6 7 1 
14 7 7 0 5 4 1 2 3 7 6 
14 8 6 0 5 4 1 7 6 3 2 
14 7 7 0 5 4 2 6 3 7 1 
14 10 4 0 5 4 7 2 6 3 1 
14 7 7 0 6 1 2 5 4 3 7 
14 9 5 0 6 3 1 5 4 7 2 
14 9 5 0 6 3 2 5 4 7 1 
14 7 7 0 6 4 1 2 5 3 7 
14 8 6 1 0 2 3 6 4 5 7 
14 8 6 1 0 2 7 6 5 4 3 
14 11 3 1 0 3 4 2 6 5 7 
14 8 6 1 0 4 3 2 6 5 7 
14 8 6 1 0 4 7 6 2 5 3 
14 8 6 1 2 0 3 6 5 4 7 
14 9 5 1 2 0 7 6 4 3 5 
14 10 4 1 2 0 7 6 4 5 3 
14 11 3 1 2 3 0 4 6 5 7 
14 9 5 1 2 3 5 6 4 0 7 
14 9 5 1 2 3 6 0 4 5 7 
14 12 2 1 2 3 6 0 4 7 5 
14 9 5 1 2 3 7 6 0 4 5 
14 9 5 1 2 4 0 5 6 3 7 
14 10 4 1 2 0 4 5 6 3 7 
14 11 3 1 0 2 4 5 6 3 7 
14 11 3 1 2 3 4 5 6 0 7 
14 12 2 1 2 3 4 5 0 6 7 
14 12 2 1 2 3 4 5 6 7 0 
