0 0 0 4 7 3 5 6 1 2 0 
10 1 9 4 7 3 0 6 1 2 5 
10 1 9 4 7 3 5 6 1 0 2 
11 2 9 4 7 3 5 0 1 2 6 
12 3 9 0 7 3 5 6 1 2 4 
12 2 10 4 7 0 3 6 1 2 5 
12 3 9 4 7 0 5 6 1 2 3 
12 2 10 4 7 0 5 6 1 3 2 
12 2 10 4 7 3 5 6 0 1 2 
13 3 10 0 7 3 4 6 1 2 5 
13 3 10 0 7 3 5 4 1 2 6 
13 3 10 4 0 3 5 6 7 1 2 
13 3 10 4 7 3 5 0 6 1 2 
13 3 10 4 7 3 5 1 0 2 6 
13 4 9 4 0 3 5 1 7 2 6 
13 4 9 4 7 3 5 1 2 0 6 
14 4 10 0 7 3 5 4 6 1 2 
14 5 9 4 7 0 5 1 2 3 6 
14 4 10 4 7 3 2 6 1 0 5 
13 5 8 4 7 0 2 6 1 3 5 
13 5 8 4 7 3 2 6 0 1 5 
13 5 8 4 7 3 2 6 1 5 0 
12 6 6 4 7 3 0 6 1 5 2 
13 7 6 4 7 3 2 0 1 5 6 
14 8 6 0 7 3 2 6 1 5 4 
14 6 8 4 0 3 2 6 7 1 5 
14 8 6 4 7 0 2 6 1 5 3 
14 6 8 4 7 3 2 0 6 1 5 
14 5 9 4 7 3 5 1 2 6 0 
13 6 7 4 7 3 0 1 2 6 5 
14 7 7 4 7 3 5 0 2 6 1 
14 4 10 4 7 3 6 0 1 2 5 
14 4 10 6 7 3 4 0 1 2 5 
14 4 10 7 0 3 4 6 1 2 5 
15 5 10 0 4 3 5 1 7 2 6 
15 4 11 0 4 3 5 6 7 1 2 
15 8 7 0 7 3 2 4 1 5 6 
15 7 8 0 7 3 2 4 6 1 5 
15 8 7 0 7 3 5 1 2 6 4 
15 5 10 4 0 3 5 7 1 2 6 
15 3 12 4 0 7 3 6 1 2 5 
15 4 11 0 4 7 3 6 1 2 5 
15 4 11 4 1 7 3 6 0 2 5 
14 5 9 4 1 7 3 0 6 2 5 
14 6 8 0 1 7 3 4 6 2 5 
14 5 9 4 1 7 3 6 2 0 5 
14 6 8 4 1 0 3 6 2 7 5 
14 6 8 4 1 7 3 6 2 5 0 
14 7 7 4 1 7 0 6 2 5 3 
15 7 8 4 0 1 3 6 2 7 5 
15 7 8 4 1 3 0 6 2 7 5 
14 8 6 4 1 3 5 6 2 7 0 
15 9 6 0 1 3 4 6 2 7 5 
15 9 6 4 1 3 5 6 2 0 7 
15 8 7 4 1 7 3 0 2 5 6 
15 7 8 4 1 7 3 5 6 2 0 
14 8 6 4 1 7 0 5 6 2 3 
14 8 6 4 1 7 3 5 6 0 2 
15 5 10 4 3 0 5 1 7 2 6 
15 4 11 4 3 0 5 6 7 1 2 
15 7 8 4 7 0 3 1 2 6 5 
15 8 7 4 7 0 5 1 2 6 3 
15 3 12 4 7 2 3 6 1 0 5 
12 4 8 4 7 2 3 6 0 1 5 
12 4 8 4 7 2 3 6 1 5 0 
11 5 6 4 7 2 0 6 1 5 3 
12 6 6 4 7 2 3 0 1 5 6 
13 7 6 0 7 2 3 6 1 5 4 
13 5 8 4 0 2 3 6 7 1 5 
13 7 6 4 7 0 3 6 1 5 2 
13 5 8 4 7 2 3 0 6 1 5 
14 7 7 0 7 2 3 4 1 5 6 
14 6 8 0 7 2 3 4 6 1 5 
14 7 7 4 7 2 3 1 0 5 6 
14 8 6 4 0 2 3 1 7 5 6 
14 8 6 4 7 2 3 1 5 0 6 
15 7 8 4 7 2 3 5 6 1 0 
15 8 7 4 7 2 0 5 6 1 3 
15 8 7 4 7 2 3 5 6 0 1 
15 5 10 4 7 3 0 5 1 2 6 
15 6 9 4 7 0 3 5 1 2 6 
15 8 7 4 7 3 2 1 0 5 6 
15 9 6 4 0 3 2 1 7 5 6 
15 9 6 4 7 3 2 1 5 0 6 
15 5 10 4 7 3 5 2 6 1 0 
14 6 8 4 7 3 0 2 6 1 5 
14 6 8 4 7 3 5 2 6 0 1 
15 6 9 4 7 3 6 5 1 2 0 
15 5 10 6 7 3 4 1 0 2 5 
15 6 9 6 0 3 4 1 7 2 5 
15 6 9 6 7 3 4 1 2 0 5 
15 7 8 6 7 0 4 1 2 3 5 
15 7 8 6 7 3 4 1 2 5 0 
15 8 7 6 7 3 0 1 2 5 4 
15 5 10 7 1 3 4 6 0 2 5 
14 6 8 7 1 3 4 0 6 2 5 
14 7 7 0 1 3 4 7 6 2 5 
14 6 8 7 1 3 4 6 2 0 5 
14 7 7 7 1 0 4 6 2 3 5 
14 7 7 7 1 3 4 6 2 5 0 
14 8 6 7 1 3 0 6 2 5 4 
15 8 7 1 0 3 4 7 6 2 5 
15 9 6 1 3 0 4 7 6 2 5 
15 9 6 1 6 3 4 7 0 2 5 
15 9 6 7 1 3 4 0 2 5 6 
15 8 7 7 1 3 4 5 6 2 0 
14 9 5 7 1 3 0 5 6 2 4 
14 9 5 7 1 3 4 5 6 0 2 
15 5 10 7 3 0 4 6 1 2 5 
16 11 5 0 1 3 4 5 6 2 7 
16 10 6 0 1 3 4 6 2 5 7 
16 10 6 0 1 7 3 5 6 2 4 
16 9 7 0 1 7 3 6 2 5 4 
16 8 8 0 4 1 3 6 2 7 5 
16 6 10 0 4 2 3 6 7 1 5 
16 7 9 0 4 3 2 6 7 1 5 
16 7 9 0 6 3 4 1 7 2 5 
16 8 8 0 7 3 4 1 2 6 5 
16 7 9 0 7 3 4 5 1 2 6 
16 8 8 0 7 3 5 2 6 1 4 
16 5 11 0 7 3 6 4 1 2 5 
16 10 6 1 0 3 4 6 2 7 5 
16 11 5 1 2 3 4 6 0 7 5 
15 12 3 1 2 3 4 0 6 7 5 
15 13 2 0 2 3 4 1 6 7 5 
15 12 3 1 2 3 4 6 7 0 5 
16 14 2 1 2 3 4 5 6 7 0 
