0 0 0 0 7 2 6 1 4 5 3 
0 0 28 1 7 2 6 0 4 5 3 
0 0 20 1 0 2 6 7 4 5 3 
0 0 20 0 1 2 6 7 4 5 3 
0 0 20 1 2 0 6 7 4 5 3 
0 0 18 1 2 5 6 7 4 0 3 
0 0 14 1 2 5 6 7 0 4 3 
0 0 14 1 2 5 6 7 4 3 0 
0 0 12 0 2 5 6 7 4 3 1 
0 0 12 1 2 0 6 7 4 3 5 
0 0 12 1 2 5 0 7 4 3 6 
0 0 12 1 2 5 6 0 4 3 7 
0 0 14 0 2 5 1 7 4 3 6 
0 0 14 0 2 5 6 1 4 3 7 
0 0 14 1 0 5 6 2 4 3 7 
0 0 14 1 2 0 5 7 4 3 6 
0 0 14 1 2 5 0 6 4 3 7 
0 0 14 0 2 5 1 6 4 3 7 
0 0 14 1 2 0 5 6 4 3 7 
0 0 14 1 0 2 5 6 4 3 7 
0 0 14 1 2 3 5 6 4 0 7 
0 0 6 1 2 3 5 6 0 4 7 
0 0 6 1 2 3 5 6 4 7 0 
0 0 4 0 2 3 5 6 4 7 1 
0 0 4 1 2 0 5 6 4 7 3 
0 0 4 1 2 3 0 6 4 7 5 
0 0 4 1 2 3 5 0 4 7 6 
0 0 8 0 2 3 5 1 4 7 6 
0 0 8 1 0 3 5 2 4 7 6 
0 0 8 1 0 3 5 6 2 4 7 
0 0 8 1 2 3 0 5 4 7 6 
0 0 8 0 2 3 1 5 4 7 6 
0 0 8 1 2 0 3 5 4 7 6 
0 0 8 1 2 3 5 0 6 4 7 
0 0 8 0 2 3 5 1 6 4 7 
0 0 8 1 0 3 5 2 6 4 7 
0 0 8 1 2 3 0 5 6 4 7 
0 0 8 0 2 3 1 5 6 4 7 
0 0 8 1 2 0 3 5 6 4 7 
0 0 8 1 2 3 4 5 6 0 7 
0 0 2 1 2 0 4 5 6 3 7 
0 0 2 1 2 3 4 5 0 6 7 
0 0 2 1 2 3 4 5 6 7 0 
