0 0 0 7 1 6 3 0 2 4 5 
10 1 9 0 1 6 3 7 2 4 5 
10 1 9 7 1 6 3 2 0 4 5 
10 2 8 7 0 6 3 2 1 4 5 
10 2 8 7 1 6 3 2 4 0 5 
10 3 7 7 1 0 3 2 4 6 5 
10 3 7 7 1 6 3 2 4 5 0 
9 4 5 7 1 6 0 2 4 5 3 
10 5 5 7 1 6 3 0 4 5 2 
11 6 5 0 1 6 3 2 4 5 7 
11 4 7 7 0 1 3 2 4 6 5 
11 6 5 7 1 0 3 2 4 5 6 
11 4 7 7 1 3 0 2 4 6 5 
11 5 6 7 1 3 5 2 4 6 0 
10 6 4 7 1 3 5 2 4 0 6 
11 7 4 7 1 3 5 0 4 6 2 
11 2 9 7 1 6 3 5 2 4 0 
11 3 8 7 1 6 0 5 2 4 3 
11 3 8 7 1 6 3 5 2 0 4 
12 8 4 0 1 3 5 2 4 6 7 
12 6 6 0 1 3 7 2 4 6 5 
12 5 7 0 7 1 3 2 4 6 5 
12 3 9 7 0 6 3 1 2 4 5 
12 8 4 7 1 0 5 2 4 6 3 
12 3 9 7 1 6 0 3 2 4 5 
12 5 7 7 4 1 3 2 0 6 5 
13 5 8 0 1 6 3 5 2 4 7 
13 6 7 0 1 6 3 7 4 5 2 
13 7 6 1 0 3 7 2 4 6 5 
13 2 11 1 0 6 3 7 2 4 5 
13 3 10 1 2 6 3 7 0 4 5 
10 4 6 1 2 6 3 0 7 4 5 
10 4 6 1 2 6 3 7 4 0 5 
10 5 5 1 2 0 3 7 4 6 5 
10 5 5 1 2 6 3 7 4 5 0 
9 6 3 1 2 6 0 7 4 5 3 
10 7 3 1 2 6 3 0 4 5 7 
11 8 3 0 2 6 3 1 4 5 7 
11 5 6 0 2 6 3 1 7 4 5 
11 8 3 0 2 6 3 7 4 5 1 
11 6 5 1 0 2 3 7 4 6 5 
11 8 3 1 2 0 3 7 4 5 6 
11 6 5 1 2 3 0 7 4 6 5 
11 7 4 1 2 3 5 7 4 6 0 
11 8 3 1 2 6 3 4 0 5 7 
12 7 5 0 1 2 3 7 4 6 5 
12 8 4 0 2 3 1 7 4 6 5 
12 6 6 1 2 6 3 5 7 4 0 
12 7 5 1 2 6 0 5 7 4 3 
12 7 5 1 2 6 3 5 7 0 4 
12 7 5 1 4 2 3 7 0 6 5 
13 10 3 1 0 6 3 2 4 5 7 
13 7 6 1 0 6 3 2 7 4 5 
13 9 4 1 0 6 3 4 2 5 7 
13 9 4 1 2 3 6 7 4 0 5 
13 9 4 1 2 3 7 0 4 6 5 
13 10 3 1 2 6 0 3 4 5 7 
13 7 6 1 2 6 0 3 7 4 5 
13 9 4 1 2 6 3 4 5 0 7 
13 8 5 1 3 0 7 2 4 6 5 
13 9 4 1 3 6 7 2 4 0 5 
13 9 4 1 3 7 0 2 4 6 5 
13 8 5 1 4 3 7 2 0 6 5 
13 3 10 1 6 0 3 7 2 4 5 
13 4 9 1 6 3 0 7 2 4 5 
12 5 7 1 6 3 5 7 2 4 0 
13 6 7 0 6 3 1 7 2 4 5 
13 6 7 1 6 3 5 7 2 0 4 
13 4 9 1 6 4 3 7 2 0 5 
12 5 7 1 6 4 3 7 0 2 5 
12 5 7 1 6 4 3 7 2 5 0 
11 6 5 1 6 4 0 7 2 5 3 
12 7 5 1 6 4 3 0 2 5 7 
13 8 5 0 6 4 3 1 2 5 7 
13 8 5 0 6 4 3 7 2 5 1 
13 6 7 1 0 4 3 7 6 2 5 
13 8 5 1 6 0 3 7 2 5 4 
13 6 7 1 6 4 3 0 7 2 5 
13 8 5 1 6 4 3 2 0 5 7 
13 9 4 1 0 4 3 2 6 5 7 
13 9 4 1 6 4 3 2 5 0 7 
13 7 6 2 1 3 7 0 4 6 5 
13 6 7 2 7 1 3 0 4 6 5 
13 5 8 7 1 0 3 5 2 4 6 
13 4 9 7 1 0 3 5 2 6 4 
13 7 6 7 1 0 5 2 4 3 6 
13 7 6 7 1 3 2 0 4 6 5 
13 7 6 7 1 3 5 2 0 4 6 
13 7 6 7 1 3 6 2 4 0 5 
13 6 7 7 1 6 3 4 0 5 2 
13 4 9 7 1 6 3 5 0 2 4 
13 6 7 7 4 1 3 0 2 6 5 
13 6 7 7 4 1 3 2 6 0 5 
14 8 6 0 1 3 5 7 4 6 2 
14 10 4 0 1 4 3 2 6 5 7 
14 7 7 0 1 4 3 7 6 2 5 
14 9 5 0 2 6 3 5 7 4 1 
14 7 7 0 6 4 3 1 7 2 5 
14 9 5 1 0 2 3 7 4 5 6 
14 9 5 1 2 0 3 5 7 4 6 
14 8 6 1 2 0 3 5 7 6 4 
14 9 5 1 2 3 0 7 4 5 6 
14 8 6 1 2 3 5 7 4 0 6 
14 10 4 1 2 3 6 7 4 5 0 
14 9 5 1 2 5 3 7 4 0 6 
14 8 6 1 2 6 3 5 0 7 4 
14 9 5 1 0 6 3 5 2 7 4 
14 9 5 1 2 6 3 0 5 7 4 
14 10 4 1 3 6 7 2 0 4 5 
14 10 4 1 3 6 7 2 4 5 0 
13 11 2 1 3 6 0 2 4 5 7 
14 12 2 1 3 6 7 0 4 5 2 
14 10 4 1 3 7 5 2 4 6 0 
13 11 2 1 3 7 5 2 4 0 6 
14 12 2 1 3 7 5 0 4 6 2 
14 10 4 1 4 0 3 2 6 5 7 
14 7 7 1 4 0 3 7 6 2 5 
14 8 6 1 4 2 3 7 6 0 5 
14 11 3 1 4 3 0 2 6 5 7 
14 8 6 1 4 3 0 7 6 2 5 
14 9 5 1 4 3 5 7 6 2 0 
14 9 5 1 4 3 7 0 2 6 5 
14 9 5 1 4 3 7 2 6 0 5 
14 12 2 1 4 3 7 2 6 5 0 
14 11 3 1 4 5 3 2 6 0 7 
14 7 7 1 6 0 5 7 2 3 4 
14 7 7 1 6 3 4 7 2 0 5 
13 8 5 1 6 0 4 7 2 3 5 
13 8 5 1 6 3 4 7 0 2 5 
13 8 5 1 6 3 4 7 2 5 0 
13 9 4 1 6 3 0 7 2 5 4 
14 10 4 1 6 3 4 0 2 5 7 
14 7 7 1 6 3 5 0 2 4 7 
14 7 7 1 6 3 5 7 0 2 4 
14 7 7 1 6 3 7 0 2 4 5 
14 8 6 2 1 3 7 4 0 6 5 
14 7 7 2 1 6 3 0 4 5 7 
11 8 3 2 1 6 3 4 0 5 7 
12 9 3 2 1 6 3 7 4 5 0 
13 10 3 2 0 6 3 1 4 5 7 
13 9 4 2 0 6 3 4 1 5 7 
13 10 3 2 1 6 0 3 4 5 7 
13 10 3 2 1 6 0 7 4 5 3 
13 9 4 2 1 6 3 4 5 0 7 
13 10 3 2 1 6 3 7 4 0 5 
14 7 7 2 7 1 3 4 0 6 5 
14 3 11 3 1 6 0 7 2 4 5 
14 4 10 3 1 0 6 7 2 4 5 
14 4 10 3 1 6 5 7 2 4 0 
13 5 8 3 1 6 5 7 2 0 4 
14 6 8 3 1 6 5 0 2 4 7 
14 7 7 3 7 1 0 2 4 6 5 
14 8 6 3 7 0 1 2 4 6 5 
14 8 6 3 7 1 5 2 4 6 0 
13 9 4 3 7 1 5 2 4 0 6 
14 10 4 3 7 1 5 0 4 6 2 
14 7 7 7 0 1 3 2 4 5 6 
14 5 9 7 0 1 3 5 2 6 4 
14 5 9 7 0 6 3 5 1 2 4 
14 8 6 7 1 2 3 0 4 6 5 
14 7 7 7 1 3 0 2 4 5 6 
14 5 9 7 1 3 0 5 2 6 4 
13 6 7 7 1 3 4 5 2 6 0 
12 7 5 7 1 3 4 5 2 0 6 
13 8 5 7 1 3 4 0 2 6 5 
14 9 5 0 1 3 4 5 2 6 7 
14 7 7 0 1 3 7 5 2 6 4 
14 8 6 7 1 0 4 5 2 3 6 
14 9 5 7 1 0 4 5 2 6 3 
14 8 6 7 1 3 4 5 0 2 6 
14 8 6 7 1 3 5 4 0 6 2 
14 8 6 7 1 3 6 2 4 5 0 
14 7 7 7 1 5 3 2 4 0 6 
13 8 5 7 1 5 3 2 0 4 6 
13 8 5 7 1 5 3 2 4 6 0 
12 9 3 7 1 5 0 2 4 6 3 
13 10 3 7 1 5 3 0 4 6 2 
14 11 3 0 1 5 3 2 4 6 7 
14 5 9 7 1 6 3 0 5 2 4 
15 10 5 0 1 2 3 7 4 5 6 
15 9 6 0 1 3 7 2 4 5 6 
15 6 9 0 1 6 3 7 5 2 4 
15 7 8 0 1 6 5 3 2 4 7 
15 7 8 0 1 6 5 7 2 4 3 
15 11 4 0 2 3 1 7 4 5 6 
15 13 2 0 3 6 7 2 4 5 1 
15 11 4 0 3 7 1 2 4 6 5 
15 13 2 0 3 7 5 2 4 6 1 
15 7 8 0 4 1 3 7 2 6 5 
14 8 6 4 0 1 3 7 2 6 5 
15 13 2 0 4 3 1 2 6 5 7 
15 10 5 0 4 3 1 7 6 2 5 
15 11 4 0 6 3 4 7 2 5 1 
15 8 7 0 6 3 5 7 2 4 1 
15 8 7 0 7 1 3 2 4 5 6 
15 6 9 0 7 1 3 5 2 6 4 
15 11 4 0 7 1 5 2 4 6 3 
15 9 6 1 0 2 3 5 7 6 4 
15 9 6 1 0 3 4 7 6 2 5 
15 9 6 1 0 3 5 2 4 6 7 
15 10 5 1 0 4 3 6 2 5 7 
15 10 5 1 2 0 3 4 5 6 7 
15 9 6 1 2 3 0 5 7 6 4 
14 10 4 1 2 3 4 5 7 6 0 
13 11 2 1 2 3 4 5 7 0 6 
14 12 2 1 2 3 4 0 7 6 5 
15 11 4 0 2 3 1 5 7 6 4 
15 13 2 0 2 3 4 5 7 6 1 
15 12 3 1 2 0 4 5 7 3 6 
15 13 2 1 2 0 4 5 7 6 3 
15 12 3 1 2 3 4 5 0 7 6 
15 13 2 1 0 3 4 5 2 7 6 
15 13 2 1 2 3 4 0 5 7 6 
15 9 6 1 2 3 5 0 4 6 7 
15 10 5 1 2 6 3 4 5 7 0 
15 13 2 1 3 0 5 2 4 6 7 
15 13 2 1 3 0 7 2 4 5 6 
15 8 7 1 4 2 3 0 7 6 5 
15 10 5 1 4 2 3 7 0 5 6 
15 9 6 1 4 2 3 7 6 5 0 
15 10 5 1 4 2 0 7 6 5 3 
15 10 5 1 4 3 5 2 0 6 7 
15 10 5 1 6 0 3 2 5 4 7 
15 7 8 1 6 0 4 7 2 5 3 
15 8 7 1 6 0 5 7 2 4 3 
15 9 6 1 6 3 4 0 7 2 5 
15 10 5 1 6 4 0 3 2 5 7 
15 10 5 1 6 4 3 2 5 7 0 
15 8 7 1 6 4 3 5 7 2 0 
15 9 6 1 6 4 0 5 7 2 3 
15 9 6 1 6 4 3 5 7 0 2 
15 9 6 2 0 3 1 7 4 6 5 
15 10 5 2 1 0 3 4 5 6 7 
15 12 3 2 1 0 3 7 4 5 6 
15 9 6 2 1 3 5 0 4 6 7 
15 9 6 2 1 3 7 5 4 6 0 
15 10 5 2 1 3 0 5 4 6 7 
14 11 3 2 1 0 3 5 4 6 7 
15 12 3 0 1 3 2 5 4 6 7 
15 10 5 2 1 3 7 5 4 0 6 
15 10 5 2 1 6 3 4 5 7 0 
15 4 11 2 1 6 3 7 0 4 5 
11 5 6 2 0 6 3 7 1 4 5 
11 5 6 2 1 6 3 0 7 4 5 
12 6 6 0 1 6 3 2 7 4 5 
13 7 6 2 1 6 3 5 7 4 0 
13 8 5 2 1 6 0 5 7 4 3 
13 8 5 2 1 6 3 5 7 0 4 
14 8 6 2 0 6 3 1 7 4 5 
14 8 6 2 1 6 0 3 7 4 5 
15 10 5 0 1 6 3 5 7 4 2 
15 10 5 2 1 0 3 5 7 4 6 
15 9 6 2 1 0 3 5 7 6 4 
15 9 6 2 1 6 3 5 0 7 4 
15 10 5 2 3 0 1 7 4 6 5 
15 11 4 2 3 1 0 7 4 6 5 
15 12 3 2 3 1 5 7 4 6 0 
15 11 4 2 3 6 1 7 4 0 5 
15 10 5 2 4 3 1 7 0 6 5 
15 8 7 2 7 1 3 5 4 6 0 
15 9 6 2 7 1 0 5 4 6 3 
15 9 6 2 7 1 3 5 4 0 6 
15 7 8 3 1 0 5 7 2 4 6 
15 6 9 3 1 0 5 7 2 6 4 
15 9 6 3 1 2 0 7 4 6 5 
15 10 5 3 1 0 2 7 4 6 5 
15 10 5 3 1 2 5 7 4 6 0 
15 8 7 3 1 6 0 2 4 5 7 
15 9 6 3 1 0 6 2 4 5 7 
15 7 8 3 1 6 5 2 0 4 7 
15 8 7 3 0 6 5 2 1 4 7 
15 8 7 3 1 6 5 2 4 0 7 
15 9 6 3 1 0 5 2 4 6 7 
15 9 6 3 1 6 5 2 4 7 0 
15 6 9 3 1 6 5 7 0 2 4 
15 9 6 3 1 6 7 2 4 5 0 
14 10 4 3 1 6 7 2 4 0 5 
15 11 4 3 1 6 7 0 4 5 2 
15 9 6 3 4 1 0 7 2 6 5 
15 10 5 3 4 0 1 7 2 6 5 
15 10 5 3 4 1 5 7 2 6 0 
15 11 4 3 7 0 5 2 4 6 1 
15 9 6 4 1 3 7 2 0 6 5 
15 8 7 4 7 1 3 2 0 6 5 
15 8 7 7 0 3 5 2 1 4 6 
15 9 6 7 0 5 3 2 1 4 6 
15 8 7 7 0 6 3 1 4 5 2 
15 7 8 7 0 6 3 4 1 5 2 
15 4 11 7 1 0 6 5 2 4 3 
15 8 7 7 1 3 5 0 2 4 6 
15 8 7 7 1 3 5 0 2 6 4 
15 8 7 7 1 3 6 5 2 0 4 
15 9 6 7 1 5 3 0 2 4 6 
15 8 7 7 1 6 0 3 4 5 2 
15 7 8 7 1 6 3 4 5 0 2 
15 6 9 7 2 1 3 5 0 6 4 
14 7 7 7 2 1 3 0 5 6 4 
14 7 7 7 2 1 3 5 6 0 4 
14 8 6 7 2 0 3 5 6 1 4 
14 8 6 7 2 1 3 5 6 4 0 
15 9 6 7 2 1 0 5 6 4 3 
15 9 6 7 2 3 1 0 4 6 5 
15 7 8 7 4 0 3 2 6 1 5 
15 8 7 7 4 1 3 2 0 5 6 
15 7 8 7 4 1 3 2 6 5 0 
14 8 6 7 4 1 0 2 6 5 3 
15 9 6 7 4 1 3 0 6 5 2 
16 10 6 0 1 2 3 5 7 6 4 
16 8 8 0 1 3 2 7 4 6 5 
15 9 6 1 0 3 2 7 4 6 5 
15 10 5 1 3 0 2 7 4 6 5 
15 11 4 1 3 2 0 7 4 6 5 
15 12 3 1 3 2 5 7 4 6 0 
15 11 4 1 3 6 2 7 4 0 5 
15 10 5 1 4 3 2 7 0 6 5 
16 9 7 0 1 3 4 7 2 6 5 
16 10 6 0 1 3 4 7 6 2 5 
16 9 7 0 1 3 5 7 2 6 4 
16 11 5 0 1 4 3 6 2 5 7 
16 11 5 0 1 5 3 7 4 6 2 
16 12 4 0 1 6 7 2 4 5 3 
16 5 11 0 1 6 7 5 2 4 3 
16 8 8 0 2 1 3 7 5 6 4 
16 10 6 0 2 3 5 1 4 6 7 
16 10 6 0 2 3 5 7 4 6 1 
16 10 6 0 2 3 7 1 4 6 5 
16 10 6 0 2 6 3 1 5 7 4 
16 13 3 0 3 1 2 7 4 6 5 
16 13 3 0 3 2 1 7 4 6 5 
16 10 6 0 4 1 3 2 6 5 7 
15 11 4 2 4 1 3 0 6 5 7 
15 11 4 4 0 1 3 2 6 5 7 
16 9 7 0 4 2 3 1 7 6 5 
16 10 6 0 4 3 7 1 2 6 5 
16 11 5 0 6 3 4 1 2 5 7 
16 10 6 0 6 3 4 1 7 2 5 
16 8 8 0 6 3 5 1 2 4 7 
16 8 8 0 6 3 7 1 2 4 5 
16 8 8 0 6 4 1 7 2 5 3 
16 4 12 0 7 6 3 1 2 4 5 
16 11 5 1 0 2 3 4 5 6 7 
16 10 6 1 0 3 4 5 2 6 7 
16 8 8 1 0 3 5 7 6 2 4 
16 10 6 1 0 3 7 2 4 5 6 
16 8 8 1 0 3 7 5 2 6 4 
16 9 7 1 0 4 3 6 7 2 5 
16 6 10 1 0 6 3 5 2 4 7 
16 7 9 1 0 6 3 7 4 5 2 
16 9 7 1 0 6 4 7 2 3 5 
16 8 8 1 0 6 4 7 2 5 3 
16 11 5 1 0 6 7 2 3 4 5 
16 9 7 1 2 0 5 7 4 3 6 
16 10 6 1 2 0 5 7 4 6 3 
16 8 8 1 2 0 6 5 7 4 3 
16 10 6 1 2 0 6 7 4 3 5 
16 7 9 1 2 0 6 7 4 5 3 
16 11 5 1 2 3 0 4 5 6 7 
16 11 5 1 2 3 4 5 0 6 7 
15 12 3 1 2 3 4 0 5 6 7 
15 12 3 1 2 3 4 5 6 0 7 
15 13 2 1 2 0 4 5 6 3 7 
15 13 2 1 2 3 4 5 6 7 0 
