0 0 0 2 1 7 0 3 4 6 5 
0 0 6 0 1 7 2 3 4 6 5 
0 0 6 1 0 7 2 3 4 6 5 
0 0 5 1 4 7 2 3 0 6 5 
0 0 5 1 7 0 2 3 4 6 5 
0 0 5 1 7 2 0 3 4 6 5 
0 0 5 0 7 2 1 3 4 6 5 
0 0 5 1 7 2 3 0 4 6 5 
0 0 5 0 7 2 3 1 4 6 5 
0 0 5 1 0 2 3 7 4 6 5 
0 0 5 0 1 2 3 7 4 6 5 
0 0 5 1 2 0 3 7 4 6 5 
0 0 5 1 2 3 0 7 4 6 5 
0 0 5 0 2 3 1 7 4 6 5 
0 0 5 1 2 3 5 7 4 6 0 
0 0 4 0 2 3 5 7 4 6 1 
0 0 4 1 2 0 5 7 4 6 3 
0 0 4 1 2 3 5 0 4 6 7 
0 0 4 1 2 3 5 7 4 0 6 
0 0 5 0 2 3 5 1 4 6 7 
0 0 5 1 0 2 5 7 4 6 3 
0 0 5 0 1 2 5 7 4 6 3 
0 0 5 1 0 3 5 2 4 6 7 
0 0 4 0 1 3 5 2 4 6 7 
0 0 4 1 3 0 5 2 4 6 7 
0 0 3 1 3 5 0 2 4 6 7 
0 0 2 0 3 5 1 2 4 6 7 
0 0 2 1 3 5 2 0 4 6 7 
0 0 2 1 3 5 6 2 4 0 7 
0 0 2 1 3 5 7 2 4 6 0 
