0 0 0 5 7 0 1 4 6 2 3 
0 0 12 5 0 7 1 4 6 2 3 
0 0 11 0 5 7 1 4 6 2 3 
0 0 11 5 6 7 1 4 0 2 3 
0 0 11 5 6 7 1 0 4 2 3 
0 0 11 0 6 7 1 5 4 2 3 
0 0 11 1 6 7 0 5 4 2 3 
0 0 9 1 6 0 7 5 4 2 3 
0 0 9 1 6 7 2 5 4 0 3 
0 0 8 1 6 0 2 5 4 7 3 
0 0 8 1 0 6 2 5 4 7 3 
0 0 8 1 6 2 0 5 4 7 3 
0 0 7 0 6 2 1 5 4 7 3 
0 0 7 1 6 2 3 5 4 7 0 
0 0 5 0 6 2 3 5 4 7 1 
0 0 5 1 6 0 3 5 4 7 2 
0 0 5 1 6 2 3 0 4 7 5 
0 0 5 1 6 2 3 5 4 0 7 
0 0 5 1 6 0 3 5 4 2 7 
0 0 5 1 6 2 3 5 0 4 7 
0 0 6 0 6 2 3 1 4 7 5 
0 0 6 1 0 2 3 5 6 4 7 
0 0 6 0 1 2 3 5 6 4 7 
0 0 6 1 0 2 3 6 4 7 5 
0 0 6 0 1 2 3 6 4 7 5 
0 0 6 1 2 0 3 5 6 4 7 
0 0 6 1 2 0 3 6 4 7 5 
0 0 6 1 2 3 0 5 6 4 7 
0 0 4 0 2 3 1 5 6 4 7 
0 0 4 1 2 3 4 5 6 0 7 
0 0 2 1 2 0 4 5 6 3 7 
0 0 2 1 2 3 4 5 0 6 7 
0 0 2 1 2 3 4 5 6 7 0 
