0 0 0 3 0 5 1 7 4 6 2 
6 1 5 0 3 5 1 7 4 6 2 
6 1 5 3 4 5 1 7 0 6 2 
6 1 5 3 5 0 1 7 4 6 2 
5 1 4 7 3 5 1 0 4 6 2 
6 2 4 1 3 5 0 7 4 6 2 
7 1 6 3 4 5 1 0 7 6 2 
7 1 6 3 4 5 1 7 6 0 2 
7 1 6 3 5 1 0 7 4 6 2 
7 1 6 3 5 6 1 7 4 0 2 
7 3 4 4 3 5 1 7 0 6 2 
4 1 3 1 3 0 5 7 4 6 2 
4 1 3 1 3 5 2 7 4 6 0 
5 1 4 7 3 5 1 4 0 6 2 
6 2 4 7 3 5 1 2 4 6 0 
6 3 3 1 3 5 6 7 4 0 2 
6 3 3 1 3 5 7 0 4 6 2 
7 3 4 7 0 5 1 3 4 6 2 
7 3 4 7 3 5 0 1 4 6 2 
3 1 2 1 3 5 2 7 4 0 6 
6 1 5 4 0 5 1 7 3 6 2 
6 1 5 4 3 5 1 0 7 6 2 
6 1 5 4 3 5 1 7 6 0 2 
7 1 6 0 4 5 1 3 7 6 2 
4 2 2 1 3 5 2 0 4 6 7 
7 1 6 3 5 1 2 7 4 6 0 
3 1 2 7 3 5 0 2 4 6 1 
3 1 2 7 3 5 1 2 4 0 6 
5 3 2 0 3 5 2 7 4 6 1 
3 1 2 0 3 5 7 1 4 6 2 
8 2 6 0 5 1 3 7 4 6 2 
5 1 4 1 0 3 5 7 4 6 2 
5 3 2 1 3 0 2 7 4 6 5 
3 1 2 1 3 5 7 4 0 6 2 
5 1 4 1 3 6 5 7 4 0 2 
8 1 7 3 4 0 1 7 6 5 2 
8 2 6 3 4 5 1 2 7 6 0 
8 1 7 3 4 5 1 7 6 2 0 
8 1 7 3 5 6 1 7 0 4 2 
8 1 7 3 5 6 1 7 4 2 0 
4 2 2 7 3 5 1 0 4 6 2 
5 3 2 0 3 5 1 2 4 6 7 
4 2 2 1 3 5 7 2 4 6 0 
