0 0 0 3 0 5 1 7 4 6 2 
15 1 14 0 3 5 1 7 4 6 2 
15 1 14 3 4 5 1 7 0 6 2 
15 1 14 3 5 0 1 7 4 6 2 
15 1 14 3 4 5 1 0 7 6 2 
15 1 14 3 4 5 1 7 6 0 2 
15 1 14 3 5 1 0 7 4 6 2 
15 1 14 3 5 6 1 7 4 0 2 
15 1 14 7 3 5 1 0 4 6 2 
16 2 14 1 3 5 0 7 4 6 2 
17 3 14 4 3 5 1 7 0 6 2 
9 1 8 1 3 0 5 7 4 6 2 
9 1 8 1 3 5 2 7 4 6 0 
11 3 8 1 3 5 6 7 4 0 2 
11 3 8 1 3 5 7 0 4 6 2 
3 1 2 1 3 5 2 7 4 0 6 
13 1 12 3 5 1 2 7 4 6 0 
13 1 12 7 3 5 1 4 0 6 2 
14 2 12 0 5 1 3 7 4 6 2 
4 2 2 1 3 5 2 0 4 6 7 
14 2 12 7 3 5 1 2 4 6 0 
5 3 2 0 3 5 2 7 4 6 1 
5 3 2 1 3 0 2 7 4 6 5 
15 1 14 3 4 0 1 7 6 5 2 
15 1 14 3 4 5 1 7 6 2 0 
15 3 12 3 5 1 6 7 4 0 2 
15 3 12 3 5 1 7 0 4 6 2 
15 1 14 3 5 6 1 7 0 4 2 
15 1 14 3 5 6 1 7 4 2 0 
15 3 12 7 0 5 1 3 4 6 2 
15 3 12 7 3 5 0 1 4 6 2 
17 1 16 0 4 5 1 3 7 6 2 
15 1 14 4 0 5 1 7 3 6 2 
15 1 14 4 3 5 1 0 7 6 2 
15 1 14 4 3 5 1 7 6 0 2 
5 1 4 1 3 0 2 7 4 5 6 
5 1 4 1 3 5 2 7 0 4 6 
18 2 16 3 4 5 1 2 7 6 0 
7 1 6 0 3 5 7 1 4 6 2 
7 1 6 1 3 5 7 4 0 6 2 
19 3 16 3 0 5 1 4 7 6 2 
19 3 16 3 4 5 0 1 7 6 2 
8 2 6 1 3 5 7 2 4 6 0 
