0 0 0 6 7 0 1 3 4 5 2 
15 1 14 6 0 7 1 3 4 5 2 
15 2 13 0 6 7 1 3 4 5 2 
15 3 12 3 6 7 1 0 4 5 2 
12 4 8 3 6 7 1 4 0 5 2 
13 5 8 3 6 7 1 2 4 5 0 
12 6 6 3 6 7 0 2 4 5 1 
12 6 6 3 6 7 1 2 4 0 5 
14 8 6 0 6 7 1 2 4 5 3 
14 5 9 3 0 7 1 4 6 5 2 
14 6 8 3 0 7 1 6 4 5 2 
14 8 6 3 6 0 1 2 4 5 7 
14 6 8 3 6 7 0 1 4 5 2 
14 5 9 3 6 7 1 4 5 0 2 
15 6 9 0 3 7 1 4 6 5 2 
15 7 8 0 3 7 1 6 4 5 2 
15 7 8 3 4 7 1 6 0 5 2 
15 7 8 3 6 0 1 2 4 7 5 
15 7 8 3 6 7 1 2 0 4 5 
15 6 9 3 7 0 1 4 6 5 2 
15 7 8 3 7 0 1 6 4 5 2 
15 7 8 4 3 7 1 0 6 5 2 
15 8 7 6 3 7 1 0 4 5 2 
15 2 13 6 4 7 1 3 0 5 2 
13 3 10 6 4 7 1 0 3 5 2 
13 4 9 0 4 7 1 6 3 5 2 
13 3 10 6 4 7 1 3 5 0 2 
14 5 9 4 0 7 1 6 3 5 2 
14 5 9 6 4 7 1 2 3 5 0 
13 6 7 6 4 7 0 2 3 5 1 
13 6 7 6 4 7 1 2 3 0 5 
15 8 7 0 4 7 1 2 3 5 6 
15 6 9 1 4 7 0 6 3 5 2 
14 7 7 1 4 0 7 6 3 5 2 
14 7 7 1 4 7 2 6 3 5 0 
11 8 3 1 4 7 2 6 3 0 5 
12 9 3 1 4 7 2 0 3 5 6 
13 10 3 0 4 7 2 6 3 5 1 
13 10 3 1 4 0 2 6 3 5 7 
14 10 4 0 4 7 2 1 3 5 6 
14 9 5 1 4 0 2 6 3 7 5 
14 10 4 1 4 7 2 3 0 5 6 
14 9 5 1 4 7 2 6 0 3 5 
15 8 7 1 0 4 7 6 3 5 2 
15 8 7 1 4 5 7 6 3 0 2 
14 9 5 1 4 5 7 6 0 3 2 
14 9 5 1 4 5 7 6 3 2 0 
14 10 4 1 4 5 0 6 3 2 7 
15 11 4 1 4 5 7 0 3 2 6 
15 6 9 6 0 7 1 4 3 5 2 
15 8 7 6 4 0 1 2 3 5 7 
15 4 11 6 4 0 1 3 5 7 2 
15 6 9 6 4 7 0 1 3 5 2 
15 4 11 6 4 7 1 3 5 2 0 
15 5 10 6 4 7 0 3 5 2 1 
15 1 14 6 7 1 0 3 4 5 2 
15 2 13 6 7 1 2 3 4 5 0 
12 3 9 6 7 1 2 3 4 0 5 
13 4 9 6 7 1 2 0 4 5 3 
14 5 9 0 7 1 2 3 4 5 6 
14 5 9 6 7 0 2 3 4 5 1 
15 5 10 0 7 1 2 6 4 5 3 
15 4 11 6 7 0 2 3 4 1 5 
15 4 11 6 7 1 2 3 0 4 5 
15 5 10 6 7 1 2 4 0 5 3 
15 1 14 6 7 5 1 3 4 0 2 
14 2 12 6 7 5 1 3 0 4 2 
14 2 12 6 7 5 1 3 4 2 0 
14 3 11 6 7 5 0 3 4 2 1 
15 4 11 6 7 5 1 0 4 2 3 
16 12 4 0 4 5 7 6 3 2 1 
16 3 13 0 7 1 6 3 4 5 2 
16 5 11 0 7 5 1 3 4 2 6 
16 11 5 1 0 4 2 6 3 5 7 
16 10 6 1 0 5 7 6 4 3 2 
16 11 5 1 0 7 2 3 4 5 6 
16 12 4 1 0 7 2 4 3 5 6 
16 10 6 1 0 7 2 6 4 3 5 
16 8 8 1 3 7 0 4 6 5 2 
15 9 6 1 3 0 7 4 6 5 2 
15 9 6 1 3 7 2 4 6 5 0 
16 10 6 1 0 3 7 4 6 5 2 
16 10 6 1 3 5 7 4 6 0 2 
15 11 4 1 3 5 7 4 0 6 2 
15 12 3 1 0 5 7 4 3 6 2 
15 12 3 1 3 5 7 0 4 6 2 
15 13 2 0 3 5 7 1 4 6 2 
15 11 4 1 3 5 7 4 6 2 0 
15 12 3 1 3 5 0 4 6 2 7 
16 13 3 1 3 5 7 0 6 2 4 
16 14 2 1 3 5 7 2 4 6 0 
