0 0 0 6 0 3 7 1 4 2 5 
13 1 12 0 6 3 7 1 4 2 5 
13 2 11 1 6 3 7 0 4 2 5 
10 3 7 1 6 3 7 4 0 2 5 
11 4 7 1 6 3 7 5 4 2 0 
11 5 6 1 6 3 0 5 4 2 7 
11 5 6 1 6 3 7 5 4 0 2 
12 4 8 1 0 3 7 4 6 2 5 
12 5 7 1 0 3 7 6 4 2 5 
12 5 7 1 6 3 0 7 4 2 5 
12 4 8 1 6 3 7 4 2 0 5 
13 5 8 0 1 3 7 4 6 2 5 
13 6 7 0 1 3 7 6 4 2 5 
13 7 6 0 6 3 7 5 4 2 1 
13 5 8 1 3 0 7 4 6 2 5 
13 6 7 1 3 0 7 6 4 2 5 
13 6 7 1 3 2 7 4 6 0 5 
13 7 6 1 3 2 7 6 4 0 5 
13 6 7 1 3 7 0 4 6 2 5 
13 7 6 1 3 7 0 6 4 2 5 
13 6 7 1 4 3 7 6 0 2 5 
13 6 7 1 6 0 3 5 4 2 7 
13 5 8 1 6 0 7 4 2 3 5 
13 7 6 1 6 0 7 5 4 2 3 
13 6 7 1 6 0 7 5 4 3 2 
13 5 8 1 6 3 7 4 2 5 0 
12 6 6 1 6 3 0 4 2 5 7 
13 7 6 1 6 3 7 0 2 5 4 
13 6 7 1 6 3 7 5 0 4 2 
13 1 12 6 3 0 7 1 4 2 5 
13 1 12 6 4 3 7 1 0 2 5 
11 2 9 6 4 3 7 0 1 2 5 
11 2 9 6 4 3 7 1 2 0 5 
12 3 9 6 4 0 7 1 2 3 5 
12 3 9 6 4 3 7 1 2 5 0 
11 4 7 6 4 3 0 1 2 5 7 
12 5 7 6 4 3 7 0 2 5 1 
13 6 7 0 4 3 7 1 2 5 6 
13 3 10 0 4 3 7 6 1 2 5 
13 5 8 6 4 0 3 1 2 5 7 
13 6 7 6 4 0 7 1 2 5 3 
14 6 8 0 4 3 6 1 2 5 7 
14 7 7 0 6 3 1 5 4 2 7 
14 8 6 0 6 3 7 4 2 5 1 
14 7 7 1 3 2 7 4 0 6 5 
14 8 6 1 0 2 7 4 3 6 5 
14 8 6 1 3 2 7 0 4 6 5 
14 9 5 0 3 2 7 1 4 6 5 
14 7 7 1 3 2 7 4 6 5 0 
13 8 5 1 3 2 0 4 6 5 7 
12 9 3 1 3 0 2 4 6 5 7 
13 10 3 0 3 2 1 4 6 5 7 
14 10 4 1 0 3 2 4 6 5 7 
14 11 3 1 3 2 4 0 6 5 7 
14 11 3 1 3 2 5 4 6 0 7 
14 9 5 1 3 2 7 0 6 5 4 
14 8 6 1 3 2 7 6 0 4 5 
14 8 6 1 3 2 7 6 4 5 0 
13 9 4 1 3 2 0 6 4 5 7 
12 10 2 1 3 0 2 6 4 5 7 
13 11 2 0 3 2 1 6 4 5 7 
14 11 3 1 0 3 2 6 4 5 7 
14 12 2 1 3 2 5 6 4 0 7 
14 12 2 1 3 2 6 0 4 5 7 
14 10 4 1 3 2 7 0 4 5 6 
14 10 4 1 3 5 2 4 6 0 7 
14 11 3 1 3 5 2 6 4 0 7 
14 7 7 1 3 7 5 4 6 2 0 
13 8 5 1 3 7 5 4 6 0 2 
14 9 5 1 3 7 5 0 6 2 4 
14 8 6 1 3 7 5 6 4 2 0 
13 9 4 1 3 7 5 6 4 0 2 
14 10 4 1 3 7 5 0 4 2 6 
14 7 7 1 4 3 7 0 6 2 5 
14 7 7 1 4 3 7 6 2 0 5 
14 7 7 1 6 0 3 4 2 5 7 
14 6 8 1 6 0 3 7 4 2 5 
14 8 6 1 6 0 7 4 2 5 3 
14 6 8 1 6 3 5 7 4 2 0 
14 7 7 1 6 3 5 7 4 0 2 
14 4 10 4 0 3 7 6 1 2 5 
14 2 12 6 3 2 7 1 4 0 5 
11 3 8 6 3 2 7 1 0 4 5 
11 3 8 6 3 2 7 1 4 5 0 
10 4 6 6 3 2 0 1 4 5 7 
11 5 6 6 3 2 7 0 4 5 1 
12 6 6 0 3 2 7 1 4 5 6 
12 6 6 6 3 0 7 1 4 5 2 
13 4 9 6 0 2 7 1 3 4 5 
13 5 8 6 3 0 2 1 4 5 7 
13 4 9 6 3 2 7 0 1 4 5 
14 6 8 0 3 2 6 1 4 5 7 
14 6 8 0 3 2 7 6 4 5 1 
14 7 7 3 0 2 7 1 4 5 6 
14 6 8 6 3 2 7 4 0 5 1 
14 2 12 6 3 7 0 1 4 2 5 
14 3 11 6 3 7 5 1 4 2 0 
14 4 10 6 3 7 5 1 4 0 2 
14 4 10 6 4 3 7 5 1 2 0 
14 5 9 6 4 3 0 5 1 2 7 
14 5 9 6 4 3 7 5 1 0 2 
14 3 11 7 6 3 0 1 4 2 5 
14 4 10 7 6 0 3 1 4 2 5 
14 4 10 7 6 3 5 1 4 2 0 
15 10 5 0 3 2 7 4 6 5 1 
15 5 10 0 3 2 7 6 1 4 5 
15 8 7 0 3 7 1 4 6 2 5 
15 9 6 0 3 7 1 6 4 2 5 
15 10 5 0 3 7 5 4 6 2 1 
15 11 4 0 3 7 5 6 4 2 1 
15 4 11 0 3 7 6 1 4 2 5 
15 8 7 0 4 3 7 1 6 2 5 
15 6 9 0 4 3 7 6 2 5 1 
15 8 7 0 6 3 1 4 2 5 7 
15 7 8 0 6 3 1 7 4 2 5 
15 8 7 0 6 3 7 1 2 5 4 
15 7 8 1 0 3 7 5 6 4 2 
15 10 5 1 3 0 5 4 6 2 7 
15 9 6 1 3 0 5 4 6 7 2 
15 11 4 1 3 0 5 6 4 2 7 
15 10 5 1 3 0 5 6 4 7 2 
15 10 5 1 3 0 7 4 6 5 2 
15 11 4 1 3 0 7 6 4 5 2 
15 10 5 1 3 2 7 5 4 6 0 
15 11 4 1 3 2 0 5 4 6 7 
14 12 2 1 3 0 2 5 4 6 7 
15 13 2 0 3 2 1 5 4 6 7 
15 11 4 1 3 2 7 5 4 0 6 
15 9 6 1 3 7 5 4 0 6 2 
15 10 5 1 0 7 5 4 3 6 2 
15 10 5 1 3 7 5 0 4 6 2 
15 11 4 0 3 7 5 1 4 6 2 
15 10 5 1 3 7 5 6 0 4 2 
15 8 7 1 4 0 7 6 2 3 5 
15 7 8 1 4 3 7 0 2 5 6 
14 8 6 1 4 3 7 2 0 5 6 
14 9 5 1 0 3 7 2 4 5 6 
14 9 5 1 4 3 7 2 5 0 6 
15 10 5 0 1 3 7 2 4 5 6 
15 10 5 1 3 0 7 2 4 5 6 
15 11 4 1 3 5 7 2 4 0 6 
14 12 2 1 3 5 7 2 0 4 6 
14 12 2 1 3 5 7 2 4 6 0 
