0 0 0 3 7 0 6 1 2 5 4 
0 0 11 3 0 7 6 1 2 5 4 
0 0 10 0 3 7 6 1 2 5 4 
0 0 10 1 3 7 6 0 2 5 4 
0 0 7 1 0 7 6 3 2 5 4 
0 0 7 1 3 7 0 6 2 5 4 
0 0 6 0 3 7 1 6 2 5 4 
0 0 6 1 3 0 7 6 2 5 4 
0 0 6 1 0 3 7 6 2 5 4 
0 0 6 1 3 5 7 6 2 0 4 
0 0 4 1 3 5 7 6 0 2 4 
0 0 4 1 0 5 7 6 3 2 4 
0 0 4 1 3 5 7 0 6 2 4 
0 0 4 0 3 5 7 1 6 2 4 
0 0 4 1 0 5 7 3 6 2 4 
0 0 4 1 3 5 0 7 6 2 4 
0 0 4 1 3 5 7 4 6 2 0 
0 0 3 0 3 5 7 4 6 2 1 
0 0 3 1 3 0 7 4 6 2 5 
0 0 3 1 3 5 0 4 6 2 7 
0 0 3 1 3 5 7 4 6 0 2 
0 0 4 1 3 0 7 4 6 5 2 
0 0 4 1 3 5 7 4 0 6 2 
0 0 3 1 0 5 7 4 3 6 2 
0 0 3 1 3 5 7 0 4 6 2 
0 0 2 0 3 5 7 1 4 6 2 
0 0 2 1 0 5 7 3 4 6 2 
0 0 2 1 3 5 0 7 4 6 2 
0 0 2 1 3 5 7 2 4 6 0 
