0 0 0 6 3 4 7 1 2 5 0 
0 0 3 0 3 4 7 1 2 5 6 
0 0 1 1 3 4 7 0 2 5 6 
0 0 1 1 0 4 7 3 2 5 6 
0 0 1 1 3 4 0 7 2 5 6 
0 0 1 1 3 4 7 2 0 5 6 
0 0 1 1 3 4 7 6 2 5 0 
0 0 1 2 3 4 7 1 0 5 6 
0 0 1 3 0 4 7 1 2 5 6 
0 0 1 7 3 4 0 1 2 5 6 
0 0 2 0 3 4 1 7 2 5 6 
0 0 2 1 0 4 7 2 3 5 6 
0 0 2 0 1 4 7 2 3 5 6 
0 0 1 2 1 4 7 0 3 5 6 
0 0 1 3 1 4 7 2 0 5 6 
0 0 1 7 1 4 0 2 3 5 6 
0 0 2 1 3 0 4 7 2 5 6 
0 0 2 1 0 3 4 7 2 5 6 
0 0 2 0 1 3 4 7 2 5 6 
0 0 1 2 1 3 4 7 0 5 6 
0 0 1 4 1 3 0 7 2 5 6 
0 0 1 7 1 3 4 0 2 5 6 
0 0 2 1 2 3 4 7 0 5 6 
0 0 1 1 2 3 4 0 7 5 6 
0 0 1 1 2 3 4 7 5 0 6 
0 0 2 0 2 3 4 1 7 5 6 
0 0 2 1 0 3 4 2 7 5 6 
0 0 2 1 2 0 4 7 5 3 6 
0 0 2 1 2 3 0 4 7 5 6 
0 0 2 0 2 3 1 4 7 5 6 
0 0 2 1 2 0 3 4 7 5 6 
0 0 2 1 0 2 3 4 7 5 6 
0 0 2 0 1 2 3 4 7 5 6 
0 0 1 3 1 2 0 4 7 5 6 
0 0 1 4 1 2 3 0 7 5 6 
0 0 1 7 1 2 3 4 0 5 6 
0 0 2 1 2 3 4 6 7 5 0 
0 0 2 0 2 3 4 6 7 5 1 
0 0 2 1 2 0 4 6 7 5 3 
0 0 2 1 2 3 0 6 7 5 4 
0 0 2 1 2 3 4 6 7 0 5 
0 0 1 1 2 0 4 6 7 3 5 
0 0 1 1 2 3 4 6 0 7 5 
0 0 2 1 0 2 4 6 7 3 5 
0 0 2 0 1 2 4 6 7 3 5 
0 0 1 4 1 2 0 6 7 3 5 
0 0 1 6 1 2 4 0 7 3 5 
0 0 1 7 1 2 4 6 0 3 5 
0 0 2 1 0 3 4 6 2 7 5 
0 0 2 1 2 3 4 0 6 7 5 
0 0 2 0 2 3 4 1 6 7 5 
0 0 2 1 0 3 4 2 6 7 5 
0 0 2 1 2 3 0 4 6 7 5 
0 0 2 0 2 3 1 4 6 7 5 
0 0 2 1 2 0 3 4 6 7 5 
0 0 2 1 0 2 3 4 6 7 5 
0 0 2 0 1 2 3 4 6 7 5 
0 0 1 3 1 2 0 4 6 7 5 
0 0 1 4 1 2 3 0 6 7 5 
0 0 1 6 1 2 3 4 0 7 5 
0 0 2 1 2 3 4 5 6 7 0 
