0 0 0 3 4 0 1 2 6 5 7 
5 1 4 3 0 4 1 2 6 5 7 
5 1 4 3 4 1 0 2 6 5 7 
5 2 3 3 4 1 7 2 6 5 0 
5 1 4 3 4 5 1 2 6 0 7 
6 3 3 0 4 1 3 2 6 5 7 
7 2 5 0 3 4 1 2 6 5 7 
7 3 4 2 3 4 1 0 6 5 7 
7 4 3 3 4 1 2 0 6 5 7 
7 4 3 3 4 1 5 2 6 0 7 
7 2 5 3 6 4 1 2 0 5 7 
8 4 4 1 3 4 0 2 6 5 7 
7 5 2 1 3 0 4 2 6 5 7 
7 5 2 1 3 4 7 2 6 5 0 
8 4 4 2 4 1 3 0 6 5 7 
8 3 5 3 4 1 7 2 6 0 5 
8 2 6 3 4 5 1 2 0 6 7 
8 3 5 3 0 5 1 2 4 6 7 
8 3 5 3 4 5 1 0 2 6 7 
8 2 6 3 4 5 1 2 6 7 0 
8 3 5 3 6 4 1 0 2 5 7 
8 3 5 3 6 4 1 2 5 0 7 
8 4 4 4 0 1 3 2 6 5 7 
9 4 5 0 3 5 1 2 4 6 7 
9 6 3 1 0 3 4 2 6 5 7 
9 7 2 1 3 4 2 0 6 5 7 
9 7 2 1 3 4 5 2 6 0 7 
9 6 3 1 3 5 4 2 6 0 7 
9 5 4 2 3 5 1 0 4 6 7 
9 4 5 3 4 1 7 0 6 5 2 
9 3 6 3 4 5 0 2 6 7 1 
9 4 5 3 5 0 1 2 4 6 7 
9 5 4 6 3 4 1 2 0 5 7 
10 5 5 0 4 1 7 2 6 5 3 
10 4 6 0 4 5 1 3 2 6 7 
10 4 6 0 6 4 1 3 2 5 7 
10 6 4 1 3 4 7 2 6 0 5 
10 6 4 1 3 5 0 2 4 6 7 
9 7 2 1 3 0 5 2 4 6 7 
9 7 2 1 3 5 7 2 4 6 0 
