0 0 0 5 2 6 7 0 4 3 1 
0 0 6 0 2 6 7 5 4 3 1 
0 0 6 2 0 6 7 5 4 3 1 
0 0 6 2 4 6 7 5 0 3 1 
0 0 6 2 6 0 7 5 4 3 1 
0 0 6 2 6 3 7 5 4 0 1 
0 0 6 2 6 3 7 5 0 4 1 
0 0 6 2 0 3 7 5 6 4 1 
0 0 5 0 2 3 7 5 6 4 1 
0 0 4 5 2 3 7 0 6 4 1 
0 0 4 6 2 3 7 5 0 4 1 
0 0 4 7 2 3 0 5 6 4 1 
0 0 4 7 2 0 3 5 6 4 1 
0 0 4 7 2 3 1 5 6 4 0 
0 0 3 0 2 3 1 5 6 4 7 
0 0 3 7 2 0 1 5 6 4 3 
0 0 3 7 2 3 1 0 6 4 5 
0 0 3 7 2 3 1 5 6 0 4 
0 0 4 1 2 3 0 5 6 4 7 
0 0 3 1 2 0 3 5 6 4 7 
0 0 3 1 2 3 4 5 6 0 7 
0 0 2 1 2 0 4 5 6 3 7 
0 0 2 1 2 3 4 5 0 6 7 
0 0 2 1 2 3 4 5 6 7 0 
