0 0 0 4 5 1 6 0 2 7 3 
0 0 7 0 5 1 6 4 2 7 3 
0 0 7 2 5 1 6 4 0 7 3 
0 0 7 2 0 1 6 4 5 7 3 
0 0 7 0 2 1 6 4 5 7 3 
0 0 6 4 2 1 6 0 5 7 3 
0 0 6 4 0 1 6 2 5 7 3 
0 0 6 4 2 1 0 6 5 7 3 
0 0 6 0 2 1 4 6 5 7 3 
0 0 5 2 0 1 4 6 5 7 3 
0 0 5 5 2 1 4 6 0 7 3 
0 0 5 5 0 1 4 6 2 7 3 
0 0 5 5 2 1 4 0 6 7 3 
0 0 4 0 2 1 4 5 6 7 3 
0 0 3 2 0 1 4 5 6 7 3 
0 0 3 4 2 1 0 5 6 7 3 
0 0 3 6 2 1 4 5 0 7 3 
0 0 4 2 1 0 4 5 6 7 3 
0 0 4 2 1 4 0 5 6 7 3 
0 0 4 2 1 7 4 5 6 0 3 
0 0 4 2 6 1 4 5 0 7 3 
0 0 4 4 2 0 1 5 6 7 3 
0 0 4 4 0 2 1 5 6 7 3 
0 0 4 4 2 1 3 5 6 7 0 
0 0 3 0 2 1 3 5 6 7 4 
0 0 3 4 2 0 3 5 6 7 1 
0 0 3 4 2 1 3 0 6 7 5 
0 0 3 4 2 1 3 5 6 0 7 
0 0 4 2 0 1 3 5 6 7 4 
0 0 4 3 2 1 0 5 6 7 4 
0 0 4 3 2 0 1 5 6 7 4 
0 0 4 3 0 2 1 5 6 7 4 
0 0 4 3 2 1 4 5 6 7 0 
0 0 2 3 2 0 4 5 6 7 1 
0 0 2 3 2 1 4 0 6 7 5 
0 0 2 3 2 1 4 5 6 0 7 
0 0 3 3 0 2 4 5 6 7 1 
0 0 3 3 2 4 0 5 6 7 1 
0 0 3 3 2 7 4 5 6 0 1 
0 0 4 0 2 1 4 3 6 7 5 
0 0 4 0 2 4 3 5 6 7 1 
0 0 4 0 3 2 4 5 6 7 1 
0 0 4 2 0 1 4 3 6 7 5 
0 0 4 2 0 4 3 5 6 7 1 
0 0 4 3 0 1 4 2 6 7 5 
0 0 4 3 2 0 4 5 6 1 7 
0 0 4 3 0 2 4 5 6 1 7 
0 0 4 3 2 1 0 4 6 7 5 
0 0 4 3 2 1 4 5 0 6 7 
0 0 4 3 2 1 4 6 0 7 5 
0 0 4 3 2 1 5 0 6 7 4 
0 0 4 3 2 1 7 5 6 0 4 
0 0 4 3 2 4 0 5 6 1 7 
0 0 4 3 2 4 1 5 6 7 0 
0 0 3 0 2 4 1 5 6 7 3 
0 0 3 3 2 4 1 0 6 7 5 
0 0 3 3 2 4 1 5 6 0 7 
0 0 4 1 2 4 0 5 6 7 3 
0 0 3 1 2 0 4 5 6 7 3 
0 0 2 1 0 2 4 5 6 7 3 
0 0 2 1 2 7 4 5 6 0 3 
0 0 3 0 1 2 4 5 6 7 3 
0 0 3 1 2 4 3 5 6 7 0 
0 0 2 1 2 0 3 5 6 7 4 
0 0 2 1 2 4 3 0 6 7 5 
0 0 2 1 2 4 3 5 6 0 7 
0 0 3 1 0 2 3 5 6 7 4 
0 0 3 1 2 3 0 5 6 7 4 
0 0 2 0 2 3 1 5 6 7 4 
0 0 2 1 2 3 4 5 6 7 0 
