0 0 0 7 3 5 0 4 6 1 2 
12 1 11 7 3 0 5 4 6 1 2 
12 1 11 7 3 5 2 4 6 1 0 
9 2 7 7 3 5 2 4 6 0 1 
10 3 7 7 3 5 2 0 6 1 4 
11 4 7 0 3 5 2 4 6 1 7 
11 4 7 7 3 0 2 4 6 1 5 
11 3 8 7 3 0 2 4 6 5 1 
11 3 8 7 3 5 2 4 0 6 1 
11 4 7 7 0 5 2 4 3 6 1 
11 4 7 7 3 5 2 0 4 6 1 
11 5 6 0 3 5 2 7 4 6 1 
12 4 8 0 3 5 2 7 6 1 4 
12 6 6 7 3 5 2 1 4 6 0 
11 7 4 7 3 5 0 1 4 6 2 
11 7 4 7 3 5 2 1 4 0 6 
12 4 8 7 3 5 2 6 0 1 4 
13 9 4 0 3 5 2 1 4 6 7 
13 2 11 0 3 5 7 4 6 1 2 
13 7 6 7 0 5 2 3 4 6 1 
13 5 8 7 0 5 2 6 3 1 4 
13 9 4 7 3 0 2 1 4 6 5 
13 7 6 7 3 5 0 2 4 6 1 
13 5 8 7 3 5 2 6 1 0 4 
14 5 9 3 0 5 2 4 6 1 7 
14 6 8 3 0 5 2 7 4 6 1 
14 3 11 3 0 5 7 4 6 1 2 
14 5 9 4 3 5 2 0 6 1 7 
11 6 5 4 3 5 2 6 0 1 7 
12 7 5 4 0 5 2 6 3 1 7 
12 7 5 4 3 5 2 6 1 0 7 
12 7 5 4 3 5 2 7 6 1 0 
13 8 5 4 0 5 2 3 6 1 7 
13 8 5 4 3 0 2 6 1 5 7 
13 8 5 4 3 5 0 2 6 1 7 
13 8 5 4 3 5 0 7 6 1 2 
13 8 5 4 3 5 2 6 1 7 0 
13 8 5 4 3 5 2 7 6 0 1 
14 9 5 4 3 5 0 6 1 7 2 
14 3 11 4 3 5 7 0 6 1 2 
11 4 7 4 3 5 7 6 0 1 2 
12 5 7 4 0 5 7 6 3 1 2 
12 5 7 4 3 5 7 2 6 1 0 
11 6 5 4 3 5 7 2 6 0 1 
12 5 7 4 3 5 7 6 1 0 2 
13 8 5 0 3 5 7 2 6 1 4 
13 6 7 4 0 5 7 3 6 1 2 
13 8 5 4 3 0 7 2 6 1 5 
13 7 6 4 3 0 7 2 6 5 1 
13 6 7 4 3 0 7 6 1 5 2 
13 7 6 4 3 5 7 2 0 6 1 
13 8 5 4 0 5 7 2 3 6 1 
13 8 5 4 3 5 7 0 2 6 1 
13 6 7 4 3 5 7 6 1 2 0 
13 7 6 4 3 5 0 6 1 2 7 
14 8 6 4 3 5 7 0 1 2 6 
14 4 10 7 0 3 2 4 6 5 1 
14 6 8 7 0 5 2 3 6 1 4 
14 8 6 7 3 0 2 1 4 5 6 
14 6 8 7 3 0 2 6 1 5 4 
14 4 10 7 3 2 0 4 6 5 1 
14 5 9 7 3 2 1 4 6 5 0 
13 6 7 7 3 2 1 4 6 0 5 
14 7 7 7 3 2 1 0 6 5 4 
14 6 8 7 3 5 0 2 6 1 4 
14 3 11 7 3 5 1 4 6 0 2 
10 4 6 7 3 0 1 4 6 5 2 
10 4 6 7 3 5 1 4 0 6 2 
10 5 5 7 0 5 1 4 3 6 2 
10 5 5 7 3 5 1 0 4 6 2 
10 6 4 0 3 5 1 7 4 6 2 
10 4 6 7 3 5 1 4 6 2 0 
10 5 5 7 3 5 0 4 6 2 1 
11 6 5 7 3 5 1 0 6 2 4 
11 7 4 7 3 5 1 2 4 6 0 
10 8 2 7 3 5 1 2 4 0 6 
12 10 2 0 3 5 1 2 4 6 7 
12 7 5 0 3 5 1 4 6 2 7 
12 8 4 7 0 5 1 3 4 6 2 
12 10 2 7 3 0 1 2 4 6 5 
12 7 5 7 3 0 1 4 6 2 5 
13 7 6 0 3 5 1 7 6 2 4 
13 7 6 3 0 5 1 7 4 6 2 
13 5 8 7 0 3 1 4 6 5 2 
13 9 4 7 3 0 1 2 4 5 6 
13 5 8 7 3 1 0 4 6 5 2 
13 6 7 7 3 1 2 4 6 5 0 
13 9 4 7 3 5 1 2 0 4 6 
13 7 6 7 3 5 1 6 0 2 4 
14 7 7 0 3 1 7 4 6 5 2 
14 8 6 1 3 5 0 7 4 6 2 
13 9 4 1 3 0 5 7 4 6 2 
13 9 4 1 3 5 2 7 4 6 0 
14 10 4 1 3 5 2 7 4 0 6 
14 8 6 7 0 5 1 6 3 2 4 
14 7 7 7 3 1 2 4 6 0 5 
14 8 6 7 3 5 1 6 2 0 4 
14 8 6 7 3 5 2 1 0 4 6 
14 6 8 7 3 5 2 6 1 4 0 
14 7 7 7 3 5 0 6 1 4 2 
14 3 11 7 3 5 4 0 6 1 2 
12 4 8 0 3 5 4 7 6 1 2 
12 4 8 7 3 5 4 6 0 1 2 
13 5 8 7 0 5 4 6 3 1 2 
13 5 8 7 3 5 4 2 6 1 0 
12 6 6 7 3 5 4 2 6 0 1 
13 5 8 7 3 5 4 6 1 0 2 
14 8 6 0 3 5 4 2 6 1 7 
14 6 8 7 0 5 4 3 6 1 2 
14 8 6 7 3 0 4 2 6 1 5 
14 7 7 7 3 0 4 2 6 5 1 
14 6 8 7 3 0 4 6 1 5 2 
14 7 7 7 3 5 4 2 0 6 1 
14 8 6 7 0 5 4 2 3 6 1 
14 8 6 7 3 5 4 0 2 6 1 
14 6 8 7 3 5 4 6 1 2 0 
14 7 7 7 3 5 0 6 1 2 4 
15 8 7 0 3 2 1 4 6 5 7 
14 9 5 3 0 2 1 4 6 5 7 
14 9 5 4 3 2 1 0 6 5 7 
15 6 9 0 3 2 7 4 6 5 1 
15 9 6 0 3 5 7 4 2 6 1 
15 9 6 0 3 5 7 6 1 2 4 
15 6 9 0 7 3 1 4 6 5 2 
15 5 10 0 7 3 2 4 6 5 1 
15 10 5 1 3 2 0 4 6 5 7 
14 11 3 1 3 0 2 4 6 5 7 
14 11 3 1 3 2 7 4 6 5 0 
15 11 4 1 3 5 2 0 4 6 7 
15 11 4 1 3 5 6 7 4 0 2 
15 11 4 1 3 5 7 0 4 6 2 
14 12 2 0 3 5 7 1 4 6 2 
14 12 2 1 3 5 7 4 0 6 2 
15 13 2 1 3 5 7 2 4 6 0 
