0 0 0 0 7 3 1 4 5 6 2 
0 0 7 1 7 3 0 4 5 6 2 
0 0 6 1 7 0 3 4 5 6 2 
0 0 6 1 0 7 3 4 5 6 2 
0 0 6 0 1 7 3 4 5 6 2 
0 0 6 1 5 7 3 4 0 6 2 
0 0 6 1 5 7 3 0 4 6 2 
0 0 5 0 5 7 3 1 4 6 2 
0 0 5 1 0 7 3 5 4 6 2 
0 0 5 0 1 7 3 5 4 6 2 
0 0 5 1 4 7 3 5 0 6 2 
0 0 5 1 5 7 0 3 4 6 2 
0 0 5 0 5 7 1 3 4 6 2 
0 0 5 1 5 0 7 3 4 6 2 
0 0 4 1 0 5 7 3 4 6 2 
0 0 3 0 1 5 7 3 4 6 2 
0 0 3 1 4 5 7 3 0 6 2 
0 0 4 1 4 5 7 0 3 6 2 
0 0 4 0 4 5 7 1 3 6 2 
0 0 4 1 0 5 7 4 3 6 2 
0 0 4 0 1 5 7 4 3 6 2 
0 0 4 1 3 5 7 4 0 6 2 
0 0 3 1 3 5 7 0 4 6 2 
0 0 2 0 3 5 7 1 4 6 2 
0 0 2 1 3 5 0 7 4 6 2 
0 0 2 1 3 5 7 2 4 6 0 
