0 0 0 3 4 0 7 1 2 6 5 
7 1 6 3 0 4 7 1 2 6 5 
7 1 6 3 4 6 7 1 2 0 5 
7 1 6 3 4 7 0 1 2 6 5 
8 2 6 0 3 4 7 1 2 6 5 
8 3 5 1 3 4 7 0 2 6 5 
8 4 4 1 3 4 7 2 0 6 5 
8 5 3 1 0 4 7 2 3 6 5 
8 5 3 1 3 4 7 2 6 0 5 
8 2 6 3 2 4 7 1 0 6 5 
9 5 4 1 3 4 7 5 2 6 0 
9 6 3 1 3 4 0 5 2 6 7 
9 6 3 1 3 4 7 5 2 0 6 
9 3 6 3 2 4 7 0 1 6 5 
9 3 6 3 2 4 7 1 6 0 5 
9 2 7 3 4 6 7 1 0 2 5 
9 2 7 3 4 6 7 1 2 5 0 
9 3 6 3 4 6 0 1 2 5 7 
9 2 7 3 4 7 5 1 2 6 0 
9 3 6 3 4 7 5 1 2 0 6 
9 4 5 7 3 4 0 1 2 6 5 
10 6 4 0 1 4 7 2 3 6 5 
10 4 6 0 2 4 7 3 1 6 5 
10 3 7 0 4 7 3 1 2 6 5 
10 6 4 1 0 4 7 3 2 6 5 
10 6 4 1 3 0 7 2 6 4 5 
10 6 4 1 3 4 0 7 2 6 5 
10 6 4 1 3 4 7 2 6 5 0 
10 7 3 1 3 4 0 2 6 5 7 
10 6 4 1 4 0 7 2 3 6 5 
10 5 5 2 3 4 7 1 0 6 5 
10 3 7 3 0 6 7 1 4 2 5 
10 4 6 0 3 6 7 1 4 2 5 
10 5 5 1 3 6 7 0 4 2 5 
10 6 4 1 3 6 7 4 0 2 5 
10 4 6 3 2 0 7 1 6 4 5 
10 4 6 3 2 4 7 1 6 5 0 
10 5 5 3 2 4 0 1 6 5 7 
10 3 7 3 4 6 7 0 1 2 5 
10 4 6 3 4 6 7 0 2 5 1 
10 4 6 3 4 7 5 0 2 6 1 
10 4 6 3 6 0 7 1 4 2 5 
11 8 3 0 3 4 7 5 2 6 1 
11 5 6 0 4 6 7 1 2 5 3 
11 4 7 0 4 6 7 3 1 2 5 
11 5 6 0 4 7 5 1 2 6 3 
11 7 4 1 0 3 7 2 6 4 5 
11 8 3 1 3 0 7 5 2 6 4 
11 8 3 1 3 4 7 0 6 5 2 
11 7 4 1 3 6 7 5 4 2 0 
11 8 3 1 3 6 0 5 4 2 7 
11 8 3 1 3 6 7 5 4 0 2 
11 7 4 1 3 7 0 2 6 4 5 
11 7 4 1 4 6 7 2 3 0 5 
11 7 4 1 4 7 0 2 3 6 5 
11 4 7 1 4 7 3 0 2 6 5 
11 5 6 1 4 7 3 2 0 6 5 
11 6 5 1 0 7 3 2 4 6 5 
11 7 4 0 1 7 3 2 4 6 5 
11 6 5 1 4 7 3 2 6 0 5 
11 7 4 1 7 0 3 2 4 6 5 
11 6 5 2 0 4 7 1 3 6 5 
11 5 6 2 0 4 7 3 1 6 5 
11 6 5 2 3 4 7 0 1 6 5 
11 6 5 2 3 4 7 1 6 0 5 
11 5 6 3 0 2 7 1 6 4 5 
11 6 5 3 2 4 7 0 6 5 1 
11 5 6 3 2 4 7 5 1 6 0 
11 6 5 3 2 4 0 5 1 6 7 
11 6 5 3 2 4 7 5 1 0 6 
11 5 6 3 2 7 0 1 6 4 5 
11 5 6 3 4 0 5 1 2 6 7 
11 5 6 3 4 0 7 1 2 5 6 
11 4 7 3 4 7 1 0 2 6 5 
11 4 7 3 4 7 6 1 2 0 5 
11 5 6 3 6 2 7 1 4 0 5 
11 5 6 3 6 7 0 1 4 2 5 
11 4 7 4 0 7 3 1 2 6 5 
11 5 6 7 3 0 4 1 2 6 5 
11 5 6 7 3 4 5 1 2 6 0 
11 6 5 7 3 4 5 1 2 0 6 
11 6 5 7 3 6 0 1 4 2 5 
12 7 5 0 1 4 7 3 2 6 5 
12 7 5 0 2 4 7 1 6 5 3 
12 7 5 0 3 4 7 2 1 6 5 
12 9 3 0 3 4 7 2 6 5 1 
12 5 7 0 4 6 7 3 2 5 1 
12 5 7 0 4 7 1 3 2 6 5 
12 5 7 0 4 7 5 3 2 6 1 
12 8 4 1 0 6 7 3 4 2 5 
12 7 5 1 0 6 7 4 3 2 5 
12 7 5 1 2 4 7 3 0 6 5 
12 7 5 1 3 0 4 5 2 6 7 
12 7 5 1 3 0 4 7 2 6 5 
12 9 3 1 3 0 7 2 6 5 4 
12 7 5 1 3 0 7 5 2 4 6 
12 7 5 1 3 4 5 7 2 6 0 
12 8 4 1 3 4 5 7 2 0 6 
12 7 5 1 3 4 7 5 0 2 6 
12 8 4 1 3 6 0 7 4 2 5 
12 7 5 1 3 6 7 4 2 0 5 
12 7 5 1 4 0 7 3 2 6 5 
12 6 6 1 4 7 3 5 2 6 0 
12 7 5 1 4 7 0 5 2 6 3 
12 7 5 1 4 7 3 5 2 0 6 
12 8 4 1 7 3 0 2 4 6 5 
12 8 4 1 7 6 3 2 4 0 5 
12 7 5 2 1 4 7 0 3 6 5 
12 6 6 2 1 4 7 3 0 6 5 
12 6 6 2 4 0 7 3 1 6 5 
12 6 6 3 0 4 7 2 1 6 5 
12 7 5 3 1 4 7 2 0 6 5 
12 6 6 3 2 0 4 1 6 5 7 
12 7 5 3 0 2 4 1 6 5 7 
12 7 5 3 2 0 7 1 6 5 4 
12 6 6 3 2 4 0 7 1 6 5 
12 7 5 3 2 5 4 1 6 0 7 
12 6 6 3 2 7 5 1 6 4 0 
12 7 5 3 2 7 5 1 6 0 4 
12 4 8 3 4 0 5 1 2 7 6 
12 5 7 3 0 4 5 1 2 7 6 
12 4 8 3 4 0 6 1 2 5 7 
12 7 5 3 4 0 7 2 1 6 5 
12 5 7 3 4 5 0 1 2 7 6 
12 5 7 3 4 6 7 2 0 5 1 
12 6 6 3 0 6 7 2 4 5 1 
12 7 5 0 3 6 7 2 4 5 1 
12 8 4 2 3 6 7 0 4 5 1 
12 6 6 3 4 6 7 2 5 0 1 
12 5 7 3 4 6 7 5 1 2 0 
12 6 6 3 4 6 0 5 1 2 7 
12 6 6 3 4 6 7 5 1 0 2 
12 5 7 3 4 7 1 2 0 6 5 
12 6 6 3 0 7 1 2 4 6 5 
12 7 5 0 3 7 1 2 4 6 5 
12 8 4 2 3 7 1 0 4 6 5 
12 6 6 3 4 7 1 2 6 0 5 
12 4 8 3 4 7 5 1 0 2 6 
12 5 7 3 4 7 5 2 0 6 1 
12 6 6 3 0 7 5 2 4 6 1 
12 7 5 0 3 7 5 2 4 6 1 
12 8 4 2 3 7 5 0 4 6 1 
12 6 6 3 4 7 5 2 6 0 1 
12 7 5 3 6 0 7 2 4 5 1 
12 6 6 3 6 2 7 1 0 4 5 
12 6 6 3 6 2 7 1 4 5 0 
12 7 5 3 6 2 0 1 4 5 7 
12 7 5 3 7 0 1 2 4 6 5 
12 7 5 3 7 0 5 2 4 6 1 
12 5 7 4 0 6 7 3 1 2 5 
12 5 7 4 2 7 3 1 0 6 5 
12 7 5 4 3 6 7 1 0 2 5 
12 5 7 4 7 0 3 1 2 6 5 
12 6 6 7 0 3 4 1 2 6 5 
12 6 6 7 2 4 0 3 1 6 5 
12 7 5 7 3 4 5 0 2 6 1 
12 6 6 7 3 6 4 1 2 0 5 
13 8 5 0 1 3 7 2 6 4 5 
13 7 6 0 2 4 3 1 6 5 7 
13 7 6 0 2 4 7 1 3 6 5 
13 7 6 0 2 4 7 3 6 5 1 
13 8 5 0 2 4 7 5 1 6 3 
13 7 6 0 2 7 3 1 6 4 5 
13 6 7 0 3 2 7 1 6 4 5 
13 8 5 0 3 4 1 5 2 6 7 
13 8 5 0 3 4 1 7 2 6 5 
13 8 5 0 3 4 5 1 2 6 7 
13 6 7 0 3 4 5 1 2 7 6 
13 10 3 0 3 6 7 5 4 2 1 
13 5 8 0 4 6 3 1 2 5 7 
13 7 6 0 7 3 4 1 2 6 5 
13 8 5 1 0 3 4 5 2 6 7 
13 9 4 0 1 3 4 5 2 6 7 
13 8 5 1 0 3 4 7 2 6 5 
13 8 5 1 0 3 7 5 2 4 6 
13 9 4 1 0 3 7 5 2 6 4 
13 8 5 1 0 4 7 5 3 2 6 
13 7 6 1 0 7 3 4 2 6 5 
13 9 4 1 2 3 4 5 0 6 7 
13 10 3 1 2 3 4 0 5 6 7 
13 10 3 1 2 3 4 5 6 0 7 
13 11 2 1 2 0 4 5 6 3 7 
13 11 2 1 2 3 4 5 6 7 0 
