0 0 0 5 1 4 0 3 7 2 6 
0 0 18 0 1 4 5 3 7 2 6 
0 0 18 5 1 0 4 3 7 2 6 
0 0 18 5 0 1 4 3 7 2 6 
0 0 18 5 1 2 4 3 7 0 6 
0 0 12 5 1 2 4 3 0 7 6 
0 0 12 5 0 2 4 3 1 7 6 
0 0 12 5 1 2 4 0 3 7 6 
0 0 12 5 1 2 4 3 7 6 0 
0 0 10 0 1 2 4 3 7 6 5 
0 0 10 5 1 0 4 3 7 6 2 
0 0 10 5 1 2 0 3 7 6 4 
0 0 10 5 1 2 4 0 7 6 3 
0 0 14 0 1 2 4 5 3 7 6 
0 0 14 1 0 2 4 5 3 7 6 
0 0 12 1 2 0 4 5 3 7 6 
0 0 10 1 2 4 0 5 3 7 6 
0 0 10 0 2 4 1 5 3 7 6 
0 0 10 1 2 4 5 0 3 7 6 
0 0 10 0 2 4 5 1 3 7 6 
0 0 10 1 0 4 5 2 3 7 6 
0 0 10 1 2 4 5 3 0 7 6 
0 0 8 1 0 4 5 3 2 7 6 
0 0 8 1 2 4 5 3 7 0 6 
0 0 8 1 2 0 5 3 7 4 6 
0 0 8 1 2 4 5 3 7 6 0 
0 0 6 0 2 4 5 3 7 6 1 
0 0 6 1 2 0 5 3 7 6 4 
0 0 6 1 2 4 0 3 7 6 5 
0 0 6 1 2 4 5 0 7 6 3 
0 0 10 1 2 4 5 6 3 7 0 
0 0 6 0 2 4 5 6 3 7 1 
0 0 6 1 2 0 5 6 3 7 4 
0 0 6 1 2 4 0 6 3 7 5 
0 0 6 1 2 4 5 6 3 0 7 
0 0 8 1 2 0 5 6 3 4 7 
0 0 8 1 2 4 5 6 0 3 7 
0 0 10 1 0 4 5 6 2 3 7 
0 0 10 1 2 4 5 0 6 3 7 
0 0 10 0 2 4 5 1 6 3 7 
0 0 10 1 0 4 5 2 6 3 7 
0 0 10 1 2 4 0 5 6 3 7 
0 0 10 0 2 4 1 5 6 3 7 
0 0 10 1 2 0 4 5 6 3 7 
0 0 10 1 0 2 4 5 6 3 7 
0 0 10 1 2 3 4 5 6 0 7 
0 0 2 1 2 3 4 5 0 6 7 
0 0 2 1 2 3 4 5 6 7 0 
