0 0 0 6 0 2 5 1 4 3 7 
13 1 12 0 6 2 5 1 4 3 7 
13 2 11 1 6 2 5 0 4 3 7 
12 3 9 1 6 2 5 4 0 3 7 
13 4 9 1 0 2 5 4 6 3 7 
13 4 9 1 6 2 5 4 3 0 7 
13 4 9 1 6 2 5 7 4 3 0 
13 5 8 1 6 2 0 7 4 3 5 
13 5 8 1 6 2 5 7 4 0 3 
13 1 12 6 2 0 5 1 4 3 7 
13 2 11 6 2 3 5 1 4 0 7 
12 3 9 6 2 3 5 1 0 4 7 
12 3 9 6 2 3 5 1 4 7 0 
11 4 7 6 2 3 0 1 4 7 5 
12 5 7 6 2 0 3 1 4 7 5 
12 5 7 6 2 3 5 0 4 7 1 
13 6 7 0 2 3 5 1 4 7 6 
13 6 7 0 2 3 6 1 4 7 5 
13 4 9 6 0 3 5 1 2 4 7 
13 6 7 6 2 0 5 1 4 7 3 
13 4 9 6 2 3 5 0 1 4 7 
13 2 11 6 2 5 0 1 4 3 7 
13 3 10 6 2 5 7 1 4 3 0 
13 1 12 6 4 2 5 1 0 3 7 
12 2 10 6 4 2 5 0 1 3 7 
12 2 10 6 4 2 5 1 3 0 7 
13 3 10 6 4 0 5 1 3 2 7 
13 3 10 6 4 2 5 1 3 7 0 
13 4 9 6 4 2 0 1 3 7 5 
14 5 9 0 1 2 5 4 6 3 7 
14 4 10 0 2 5 6 1 4 3 7 
14 3 11 0 4 2 5 6 1 3 7 
14 5 9 1 0 2 5 6 4 3 7 
14 5 9 1 2 0 5 4 6 3 7 
14 6 8 1 2 3 5 4 6 0 7 
13 7 6 1 2 3 5 4 0 6 7 
13 7 6 1 2 3 5 4 6 7 0 
12 8 4 1 2 3 0 4 6 7 5 
13 9 4 1 2 0 3 4 6 7 5 
13 9 4 1 2 3 5 0 6 7 4 
14 10 4 0 2 3 1 4 6 7 5 
14 10 4 0 2 3 5 1 6 7 4 
14 10 4 0 2 3 5 4 6 7 1 
14 10 4 1 2 0 5 4 6 7 3 
14 10 4 1 2 3 5 6 0 7 4 
14 6 8 1 2 5 0 4 6 3 7 
14 7 7 1 2 5 7 4 6 3 0 
14 8 6 1 2 5 7 4 6 0 3 
14 6 8 1 6 0 2 7 4 3 5 
14 5 9 1 6 0 5 4 3 2 7 
14 5 9 1 6 2 0 5 4 3 7 
13 6 7 1 6 0 2 5 4 3 7 
13 6 7 1 6 2 7 5 4 3 0 
14 7 7 0 6 2 1 5 4 3 7 
14 5 9 1 6 2 5 4 3 7 0 
14 6 8 1 6 2 0 4 3 7 5 
14 7 7 1 6 2 7 5 4 0 3 
14 3 11 5 6 2 0 1 4 3 7 
13 4 9 5 6 0 2 1 4 3 7 
13 4 9 5 6 2 7 1 4 3 0 
14 5 9 5 6 2 7 1 4 0 3 
14 7 7 6 2 3 1 0 4 7 5 
14 7 7 6 2 3 7 1 4 0 5 
14 4 10 6 2 5 7 1 4 0 3 
14 5 9 6 4 0 2 1 3 7 5 
14 5 9 6 4 2 5 0 3 7 1 
15 6 9 0 1 2 5 6 4 3 7 
15 8 7 0 2 3 1 6 4 7 5 
15 5 10 0 2 3 5 6 1 4 7 
15 6 9 0 2 3 5 6 4 7 1 
15 8 7 0 2 5 1 4 6 3 7 
15 6 9 0 4 2 5 1 3 7 6 
15 6 9 0 4 2 6 1 3 7 5 
15 7 8 0 6 2 1 7 4 3 5 
15 7 8 0 6 2 5 7 4 3 1 
15 8 7 1 0 3 5 4 2 6 7 
15 7 8 1 0 6 2 5 4 3 7 
15 6 9 1 2 0 5 6 4 3 7 
15 11 4 1 2 3 4 0 6 7 5 
14 12 2 0 2 3 4 1 6 7 5 
14 12 2 1 2 3 4 6 0 7 5 
15 13 2 1 2 3 4 5 6 7 0 
