0 0 0 7 1 4 6 0 5 3 2 
12 1 11 0 1 4 6 7 5 3 2 
12 1 11 7 1 4 6 5 0 3 2 
12 2 10 7 0 4 6 5 1 3 2 
12 2 10 7 1 4 6 5 3 0 2 
13 2 11 1 0 4 6 7 5 3 2 
13 3 10 1 4 0 6 7 5 3 2 
13 3 10 1 5 4 6 7 0 3 2 
13 2 11 7 1 4 6 2 5 3 0 
13 3 10 7 1 4 0 2 5 3 6 
13 3 10 7 1 4 6 2 5 0 3 
14 4 10 1 4 3 6 7 5 0 2 
11 5 6 1 4 3 6 7 0 5 2 
11 6 5 1 0 3 6 7 4 5 2 
11 6 5 1 4 3 6 0 7 5 2 
11 5 6 1 4 3 6 7 5 2 0 
11 6 5 1 4 3 0 7 5 2 6 
12 7 5 0 4 3 6 1 7 5 2 
12 7 5 1 4 0 3 7 5 2 6 
12 7 5 1 4 3 6 0 5 2 7 
13 8 5 0 4 3 1 7 5 2 6 
13 8 5 0 4 3 6 1 5 2 7 
13 8 5 0 4 3 6 7 5 2 1 
13 8 5 1 4 0 6 7 5 2 3 
13 8 5 1 4 3 6 2 7 5 0 
12 9 3 1 4 3 0 2 7 5 6 
12 9 3 1 4 3 6 2 7 0 5 
13 10 3 1 4 0 3 2 7 5 6 
13 8 5 1 4 3 6 5 0 2 7 
14 11 3 0 4 3 1 2 7 5 6 
14 11 3 0 4 3 6 2 7 5 1 
14 9 5 1 0 3 6 4 7 5 2 
14 9 5 1 0 3 6 5 4 2 7 
14 8 6 1 0 4 3 7 5 2 6 
14 11 3 1 4 0 6 2 7 5 3 
14 8 6 1 4 2 3 7 5 0 6 
14 9 5 1 4 3 0 6 7 5 2 
14 10 4 1 4 0 3 6 7 5 2 
14 10 4 1 4 3 2 6 7 5 0 
14 9 5 1 4 3 2 7 5 0 6 
14 9 5 1 4 3 6 5 2 0 7 
14 9 5 1 4 3 7 0 5 2 6 
14 4 10 1 4 6 0 7 5 3 2 
14 5 9 1 4 6 2 7 5 3 0 
12 6 6 1 4 6 2 7 5 0 3 
13 7 6 1 4 6 2 0 5 3 7 
14 8 6 0 4 6 2 1 5 3 7 
14 8 6 0 4 6 2 7 5 3 1 
14 8 6 1 4 0 2 7 5 3 6 
14 7 7 1 4 0 2 7 5 6 3 
14 8 6 1 4 6 2 5 0 3 7 
14 7 7 1 4 6 2 7 0 5 3 
14 8 6 1 0 6 2 7 4 5 3 
14 8 6 1 4 6 2 0 7 5 3 
14 4 10 1 5 4 6 0 7 3 2 
14 4 10 1 5 4 6 7 3 0 2 
14 3 11 6 1 4 0 7 5 3 2 
14 4 10 6 1 0 4 7 5 3 2 
14 4 10 6 1 4 2 7 5 3 0 
13 5 8 6 1 4 2 7 5 0 3 
14 6 8 6 1 4 2 0 5 3 7 
14 3 11 7 0 4 6 1 5 3 2 
14 4 10 7 1 0 4 2 5 3 6 
14 3 11 7 1 0 6 5 3 4 2 
14 3 11 7 1 4 0 6 5 3 2 
14 4 10 7 1 0 4 6 5 3 2 
14 4 10 7 1 4 2 6 5 3 0 
12 5 7 7 1 4 2 6 5 0 3 
13 6 7 7 1 4 2 0 5 3 6 
14 7 7 0 1 4 2 6 5 3 7 
14 7 7 7 1 0 2 6 5 3 4 
14 6 8 7 1 0 2 6 5 4 3 
14 6 8 7 1 4 2 6 0 5 3 
14 7 7 7 0 4 2 6 1 5 3 
14 7 7 7 1 4 2 0 6 5 3 
14 3 11 7 1 4 6 5 3 2 0 
14 4 10 7 1 4 0 5 3 2 6 
15 7 8 0 1 4 2 7 5 3 6 
15 8 7 0 1 4 2 7 6 5 3 
15 5 10 0 1 4 6 2 5 3 7 
15 5 10 0 1 4 7 2 5 3 6 
15 5 10 0 1 4 7 6 5 3 2 
15 11 4 0 4 3 1 6 7 5 2 
15 6 9 0 4 6 1 7 5 3 2 
15 9 6 0 4 6 2 1 7 5 3 
15 5 10 0 5 4 6 1 7 3 2 
15 3 12 0 7 4 6 5 1 3 2 
15 10 5 1 0 3 6 4 5 2 7 
15 8 7 1 0 4 2 7 5 6 3 
15 11 4 1 0 4 3 2 7 5 6 
15 9 6 1 0 6 2 5 4 3 7 
15 10 5 1 4 0 6 2 7 3 5 
15 10 5 1 4 0 6 5 2 3 7 
15 8 7 1 4 2 0 7 5 6 3 
15 9 6 1 4 2 3 7 5 6 0 
15 10 5 1 4 3 0 6 5 2 7 
15 11 4 1 4 0 3 6 5 2 7 
15 12 3 1 4 3 2 0 7 5 6 
15 12 3 1 4 3 5 2 7 0 6 
15 10 5 1 4 3 6 2 0 7 5 
15 10 5 1 4 3 6 5 2 7 0 
15 11 4 1 4 3 0 5 2 7 6 
15 11 4 1 4 3 7 6 5 2 0 
15 11 4 1 4 5 3 2 7 0 6 
15 9 6 1 4 6 2 5 3 0 7 
15 10 5 1 4 0 2 5 3 6 7 
15 10 5 1 4 6 2 5 3 7 0 
15 5 10 1 5 0 6 7 3 4 2 
15 5 10 1 5 4 6 7 3 2 0 
15 6 9 1 5 4 0 7 3 2 6 
15 4 11 5 1 4 6 7 0 3 2 
15 5 10 5 0 4 6 7 1 3 2 
15 5 10 5 1 4 6 0 7 3 2 
15 5 10 5 1 4 6 7 3 0 2 
15 5 10 6 0 1 4 7 5 3 2 
15 7 8 6 1 0 2 7 5 3 4 
15 5 10 6 1 3 4 7 5 0 2 
14 6 8 6 1 3 4 7 0 5 2 
14 7 7 6 0 3 4 7 1 5 2 
14 7 7 6 1 3 4 0 7 5 2 
14 6 8 6 1 3 4 7 5 2 0 
14 7 7 6 1 3 0 7 5 2 4 
15 8 7 0 1 3 4 6 7 5 2 
15 8 7 6 1 3 4 0 5 2 7 
15 5 10 7 0 1 4 2 5 3 6 
15 5 10 7 0 1 4 6 5 3 2 
15 5 10 7 1 0 4 5 3 2 6 
15 5 10 7 1 0 6 2 5 3 4 
15 4 11 7 1 0 6 2 5 4 3 
15 5 10 7 1 3 4 2 5 0 6 
14 6 8 7 1 3 4 2 0 5 6 
14 6 8 7 1 3 4 2 5 6 0 
14 7 7 7 1 3 0 2 5 6 4 
15 7 8 7 0 3 4 2 1 5 6 
15 8 7 7 1 0 3 2 5 6 4 
15 7 8 7 1 3 4 0 2 5 6 
15 8 7 0 1 3 4 7 2 5 6 
15 8 7 7 1 3 4 0 5 6 2 
15 5 10 7 1 3 4 6 5 0 2 
14 6 8 7 1 3 4 6 0 5 2 
14 6 8 7 1 3 4 6 5 2 0 
14 7 7 7 1 3 0 6 5 2 4 
15 7 8 7 0 3 4 6 1 5 2 
15 8 7 7 1 3 4 0 5 2 6 
15 7 8 7 1 3 4 0 6 5 2 
15 8 7 0 1 3 4 7 6 5 2 
15 7 8 7 1 4 2 5 0 3 6 
15 5 10 7 1 4 6 0 3 2 5 
15 4 11 7 1 4 6 2 0 5 3 
15 5 10 7 0 4 6 2 1 5 3 
15 5 10 7 1 4 6 0 2 5 3 
15 3 12 7 4 0 6 5 1 3 2 
16 9 7 0 1 3 4 2 5 6 7 
15 10 5 1 0 3 4 2 5 6 7 
15 11 4 1 3 0 4 2 5 6 7 
15 12 3 1 3 4 0 2 5 6 7 
15 13 2 1 3 4 7 2 5 6 0 
15 12 3 1 3 6 4 2 5 0 7 
15 11 4 1 5 3 4 2 0 6 7 
15 10 5 2 1 3 4 0 5 6 7 
16 9 7 0 1 3 4 6 5 2 7 
16 9 7 0 1 3 4 7 5 2 6 
16 7 9 0 1 3 6 7 4 5 2 
16 9 7 0 1 3 7 2 5 6 4 
16 9 7 0 1 4 3 7 5 2 6 
16 6 10 0 1 4 6 5 3 2 7 
16 6 10 0 1 4 6 5 7 3 2 
16 6 10 0 1 4 7 5 3 2 6 
16 14 2 0 3 4 1 2 5 6 7 
16 10 6 0 4 2 1 7 5 6 3 
16 12 4 0 4 3 1 6 5 2 7 
16 6 10 0 6 1 4 7 5 3 2 
16 6 10 0 7 1 4 2 5 3 6 
16 6 10 0 7 1 4 6 5 3 2 
16 4 12 0 7 4 6 1 5 3 2 
16 9 7 1 0 3 4 6 7 5 2 
16 9 7 1 0 3 4 7 2 5 6 
16 9 7 1 0 3 4 7 6 5 2 
16 11 5 1 0 3 6 2 4 7 5 
16 11 5 1 0 4 2 5 3 6 7 
16 11 5 1 0 4 3 6 7 5 2 
16 6 10 1 0 4 7 2 5 3 6 
16 10 6 1 0 6 2 4 5 3 7 
16 10 6 1 2 3 4 7 0 5 6 
15 11 4 1 2 3 4 0 7 5 6 
15 11 4 1 2 3 4 7 5 0 6 
16 12 4 0 2 3 4 1 7 5 6 
16 12 4 1 2 0 4 7 5 3 6 
16 12 4 1 2 3 4 7 5 6 0 
16 13 3 1 2 3 0 7 5 6 4 
16 10 6 1 3 0 4 6 7 5 2 
16 10 6 1 3 0 4 7 2 5 6 
16 10 6 1 3 0 4 7 6 5 2 
16 7 9 1 3 0 6 7 4 5 2 
16 11 5 1 3 4 0 6 7 5 2 
16 11 5 1 3 4 0 7 2 5 6 
16 11 5 1 3 4 0 7 6 5 2 
16 12 4 1 3 4 2 6 7 5 0 
16 12 4 1 3 4 2 7 6 5 0 
16 12 4 1 3 4 6 7 2 5 0 
16 11 5 1 3 5 4 6 7 0 2 
16 11 5 1 3 5 4 7 2 0 6 
16 11 5 1 3 5 4 7 6 0 2 
16 8 8 1 3 5 6 7 4 0 2 
15 9 6 1 3 5 6 7 0 4 2 
15 9 6 1 3 5 6 7 4 2 0 
15 10 5 1 3 5 0 7 4 2 6 
16 11 5 1 3 0 5 7 4 2 6 
16 11 5 1 3 5 6 0 4 2 7 
16 8 8 1 3 6 0 7 4 5 2 
15 9 6 1 3 6 2 7 4 5 0 
12 10 2 1 3 6 2 7 4 0 5 
13 11 2 1 3 6 2 0 4 5 7 
14 12 2 0 3 6 2 1 4 5 7 
14 12 2 0 3 6 2 7 4 5 1 
14 12 2 1 3 0 2 7 4 5 6 
14 12 2 1 3 6 2 4 0 5 7 
15 11 4 1 3 0 2 7 4 6 5 
15 11 4 1 3 6 2 7 0 4 5 
16 10 6 0 3 6 1 7 4 5 2 
16 12 4 1 0 3 2 7 4 6 5 
16 14 2 1 0 6 2 3 4 5 7 
16 13 3 1 0 6 2 4 3 5 7 
16 12 4 1 3 2 0 7 4 6 5 
16 13 3 1 3 2 5 7 4 6 0 
16 14 2 1 3 6 0 2 4 5 7 
16 13 3 1 3 6 2 4 5 0 7 
16 13 3 1 3 6 4 2 0 5 7 
16 14 2 1 0 6 4 2 3 5 7 
16 14 2 1 3 6 4 0 2 5 7 
16 13 3 1 3 6 4 2 5 7 0 
16 12 4 1 4 0 3 5 2 7 6 
16 7 9 1 4 0 7 2 5 3 6 
16 11 5 1 4 2 0 5 3 6 7 
16 9 7 1 4 2 3 7 0 5 6 
16 12 4 1 4 2 7 5 3 6 0 
15 13 2 1 4 2 7 5 3 0 6 
16 14 2 1 4 2 7 0 3 6 5 
16 11 5 1 4 3 2 6 7 0 5 
16 10 6 1 4 3 2 7 0 5 6 
16 10 6 1 4 3 2 7 5 6 0 
16 11 5 1 4 3 0 7 5 6 2 
16 12 4 1 4 0 3 7 5 6 2 
16 12 4 1 4 3 5 6 7 0 2 
16 11 5 1 4 3 6 0 2 7 5 
16 8 8 1 4 3 7 2 5 0 6 
15 9 6 1 4 3 7 2 0 5 6 
15 10 5 1 0 3 7 2 4 5 6 
15 10 5 1 4 3 7 0 2 5 6 
15 9 6 1 4 3 7 2 5 6 0 
14 10 4 1 4 3 0 2 5 6 7 
13 11 2 1 4 0 3 2 5 6 7 
14 12 2 0 4 3 1 2 5 6 7 
15 12 3 1 0 4 3 2 5 6 7 
15 13 2 1 4 3 2 0 5 6 7 
15 13 2 1 4 3 6 2 5 0 7 
15 11 4 1 4 3 7 0 5 6 2 
15 12 3 1 4 6 3 2 5 0 7 
16 11 5 0 1 3 7 2 4 5 6 
16 12 4 0 4 3 7 2 5 6 1 
16 11 5 1 3 0 7 2 4 5 6 
16 12 4 1 3 5 7 2 4 0 6 
15 13 2 1 3 5 7 2 0 4 6 
15 13 2 1 3 5 7 2 4 6 0 
