0 0 0 0 5 4 7 6 2 3 1 
13 1 12 5 0 4 7 6 2 3 1 
13 2 11 5 2 4 7 6 0 3 1 
12 3 9 5 2 4 7 0 6 3 1 
12 4 8 0 2 4 7 5 6 3 1 
12 3 9 5 2 4 7 6 3 0 1 
13 5 8 2 0 4 7 5 6 3 1 
13 5 8 5 2 4 7 1 6 3 0 
12 6 6 5 2 4 0 1 6 3 7 
12 6 6 5 2 4 7 1 6 0 3 
13 7 6 5 2 0 4 1 6 3 7 
13 2 11 5 4 0 7 6 2 3 1 
13 1 12 6 5 4 7 0 2 3 1 
14 8 6 0 2 4 5 1 6 3 7 
14 8 6 0 2 4 7 1 6 3 5 
14 8 6 5 0 2 4 1 6 3 7 
14 6 8 5 0 4 7 2 6 3 1 
14 8 6 5 2 0 7 1 6 3 4 
14 4 10 5 2 0 7 6 3 4 1 
14 8 6 5 2 3 4 1 6 0 7 
13 9 4 5 2 3 4 1 0 6 7 
13 9 4 5 2 3 4 1 6 7 0 
12 10 2 5 2 3 0 1 6 7 4 
13 11 2 5 2 3 4 0 6 7 1 
14 12 2 0 2 3 4 1 6 7 5 
14 12 2 5 2 0 4 1 6 7 3 
14 6 8 5 2 4 0 7 6 3 1 
14 7 7 5 2 0 4 7 6 3 1 
14 7 7 5 2 4 1 7 6 3 0 
13 8 5 5 2 4 1 7 6 0 3 
14 9 5 5 2 4 1 0 6 3 7 
14 4 10 5 2 4 7 6 3 1 0 
14 5 9 5 2 4 0 6 3 1 7 
14 3 11 5 4 3 7 6 2 0 1 
12 4 8 5 4 3 7 6 0 2 1 
12 4 8 5 4 3 7 6 2 1 0 
12 5 7 5 4 3 0 6 2 1 7 
13 5 8 5 0 3 7 6 4 2 1 
13 6 7 5 4 3 7 0 2 1 6 
13 5 8 5 4 3 7 0 6 2 1 
14 6 8 0 4 3 7 5 6 2 1 
14 7 7 0 4 3 7 6 2 1 5 
14 6 8 5 4 0 3 6 2 1 7 
14 7 7 5 4 0 7 6 2 1 3 
14 3 11 5 4 7 0 6 2 3 1 
13 4 9 5 4 7 1 6 2 3 0 
12 5 7 5 4 7 1 6 2 0 3 
13 6 7 5 4 7 1 0 2 3 6 
14 7 7 0 4 7 1 6 2 3 5 
14 5 9 0 4 7 5 6 2 3 1 
14 7 7 5 4 0 1 6 2 3 7 
14 2 12 6 5 4 7 2 0 3 1 
14 6 8 7 2 4 0 5 6 3 1 
14 7 7 7 2 0 4 5 6 3 1 
14 7 7 7 2 4 1 5 6 3 0 
13 8 5 7 2 4 1 5 6 0 3 
14 9 5 7 2 4 1 0 6 3 5 
14 2 12 7 5 4 0 6 2 3 1 
14 3 11 7 5 0 4 6 2 3 1 
14 3 11 7 5 4 1 6 2 3 0 
13 4 9 7 5 4 1 6 2 0 3 
14 5 9 7 5 4 1 0 2 3 6 
15 10 5 0 2 4 1 5 6 3 7 
15 10 5 0 2 4 1 7 6 3 5 
15 8 7 0 2 4 5 7 6 3 1 
15 7 8 0 4 3 5 6 2 1 7 
15 7 8 0 4 3 7 5 2 1 6 
15 7 8 0 4 7 1 5 2 3 6 
15 6 9 0 5 4 1 6 2 3 7 
15 6 9 2 4 0 7 5 6 3 1 
15 3 12 2 5 4 7 6 0 3 1 
14 4 10 2 0 4 7 6 5 3 1 
14 4 10 2 5 4 7 0 6 3 1 
14 4 10 2 5 4 7 6 3 0 1 
14 5 9 2 5 0 7 6 3 4 1 
14 5 9 2 5 4 7 6 3 1 0 
14 6 8 2 5 4 0 6 3 1 7 
15 5 10 0 5 4 7 2 6 3 1 
15 7 8 2 5 4 7 0 3 1 6 
15 6 9 2 6 4 7 5 0 3 1 
15 8 7 5 0 2 4 7 6 3 1 
15 10 5 5 0 3 4 1 2 6 7 
15 10 5 5 2 0 1 7 6 3 4 
15 11 4 5 2 0 3 1 6 7 4 
15 6 9 5 2 0 4 6 3 1 7 
15 7 8 5 2 0 7 1 6 4 3 
15 10 5 5 2 3 4 0 1 6 7 
15 8 7 5 2 3 4 7 6 0 1 
14 9 5 5 2 3 4 7 0 6 1 
14 9 5 5 2 3 4 7 6 1 0 
14 10 4 5 2 3 0 7 6 1 4 
15 11 4 5 2 3 4 0 6 1 7 
15 9 6 5 2 4 3 1 6 0 7 
15 6 9 5 2 4 7 0 3 1 6 
15 7 8 5 2 4 7 1 0 6 3 
15 6 9 5 4 0 1 6 2 7 3 
15 7 8 5 4 3 7 1 6 2 0 
14 8 6 5 4 3 0 1 6 2 7 
14 8 6 5 4 3 7 1 6 0 2 
15 7 8 5 4 3 7 2 0 1 6 
15 8 7 5 0 3 7 2 4 1 6 
15 8 7 5 4 3 7 2 1 0 6 
15 7 8 5 4 7 1 2 0 3 6 
15 6 9 5 4 7 1 6 0 2 3 
15 6 9 5 4 7 3 6 2 0 1 
15 6 9 5 4 7 6 0 2 3 1 
15 7 8 6 2 4 7 5 0 3 1 
15 3 12 6 5 4 7 1 2 3 0 
14 4 10 6 5 4 0 1 2 3 7 
14 4 10 6 5 4 7 1 2 0 3 
15 5 10 6 5 0 4 1 2 3 7 
15 8 7 7 0 2 4 5 6 3 1 
15 4 11 7 0 5 4 6 2 3 1 
15 10 5 7 2 0 1 5 6 3 4 
15 8 7 7 2 3 4 5 6 0 1 
14 9 5 7 2 3 4 5 0 6 1 
14 9 5 7 2 3 4 5 6 1 0 
14 10 4 7 2 3 0 5 6 1 4 
15 11 4 7 2 3 4 0 6 1 5 
15 6 9 7 5 0 1 6 2 3 4 
15 5 10 7 5 0 1 6 2 4 3 
15 4 11 7 5 3 4 6 2 0 1 
14 5 9 7 5 3 4 6 0 2 1 
14 5 9 7 5 3 4 6 2 1 0 
14 6 8 7 5 3 0 6 2 1 4 
15 7 8 7 5 3 4 0 2 1 6 
15 5 10 7 5 4 1 6 0 2 3 
16 12 4 0 2 3 4 5 6 1 7 
16 12 4 0 2 3 4 5 6 7 1 
16 12 4 0 2 3 4 7 6 1 5 
16 12 4 0 2 3 5 1 6 7 4 
16 7 9 0 2 4 5 6 3 1 7 
16 7 9 0 2 4 7 6 3 1 5 
16 5 11 0 2 4 7 6 5 3 1 
16 10 6 0 4 3 7 1 6 2 5 
16 9 7 0 5 2 4 1 6 3 7 
16 8 8 0 5 3 4 6 2 1 7 
16 6 10 0 5 4 1 7 2 3 6 
16 6 10 0 5 4 6 1 2 3 7 
16 6 10 0 5 4 7 1 2 3 6 
16 8 8 0 5 4 7 6 3 1 2 
16 5 11 0 7 5 4 6 2 3 1 
16 5 11 2 4 0 7 6 5 3 1 
16 7 9 2 4 3 7 5 6 0 1 
13 8 5 2 4 3 7 5 0 6 1 
13 9 4 2 0 3 7 5 4 6 1 
13 9 4 2 4 3 7 0 5 6 1 
13 8 5 2 4 3 7 5 6 1 0 
13 9 4 2 4 3 0 5 6 1 7 
14 10 4 0 4 3 7 2 5 6 1 
14 10 4 2 4 3 7 0 6 1 5 
15 11 4 0 4 3 7 5 6 1 2 
15 11 4 2 4 0 7 5 6 1 3 
15 11 4 2 4 3 7 1 5 6 0 
14 12 2 2 4 3 0 1 5 6 7 
14 12 2 2 4 3 7 1 5 0 6 
16 14 2 0 4 3 7 1 5 6 2 
16 11 5 0 4 3 7 2 6 1 5 
16 12 4 2 0 3 7 4 5 6 1 
16 10 6 2 4 0 3 5 6 1 7 
16 14 2 2 4 0 7 1 5 6 3 
16 12 4 2 4 3 0 7 5 6 1 
16 11 5 2 4 3 7 6 0 1 5 
16 7 9 2 4 7 0 5 6 3 1 
15 8 7 2 4 7 1 5 6 3 0 
14 9 5 2 4 7 1 5 6 0 3 
15 10 5 2 4 7 1 0 6 3 5 
16 11 5 0 4 7 1 5 6 3 2 
16 9 7 0 4 7 2 5 6 3 1 
16 11 5 2 4 0 1 5 6 3 7 
16 10 6 2 4 0 1 5 6 7 3 
16 10 6 2 4 7 1 5 0 6 3 
16 11 5 2 0 7 1 5 4 6 3 
16 11 5 2 4 7 1 0 5 6 3 
16 8 8 2 5 0 7 6 3 1 4 
16 6 10 2 5 4 7 1 6 3 0 
15 7 8 2 5 4 0 1 6 3 7 
15 7 8 2 5 4 7 1 6 0 3 
16 8 8 2 5 0 4 1 6 3 7 
16 7 9 2 6 4 7 0 5 3 1 
16 7 9 2 6 4 7 5 3 0 1 
16 7 9 4 0 3 7 5 6 2 1 
16 8 8 4 0 7 1 5 2 3 6 
16 7 9 5 0 2 4 6 3 1 7 
16 10 6 5 0 3 4 7 2 6 1 
16 8 8 5 0 3 7 4 6 2 1 
16 7 9 5 0 4 1 6 2 7 3 
16 8 8 5 0 7 1 2 4 3 6 
16 7 9 5 0 7 1 6 4 2 3 
16 9 7 5 2 0 1 7 6 4 3 
16 10 6 5 2 0 3 1 6 4 7 
16 12 4 5 2 0 4 7 6 1 3 
16 7 9 5 2 0 7 6 3 1 4 
16 7 9 5 2 1 4 6 3 0 7 
14 8 6 5 2 1 4 6 0 3 7 
14 8 6 5 2 1 4 6 3 7 0 
14 9 5 5 2 1 0 6 3 7 4 
15 9 6 5 0 1 4 6 2 3 7 
15 10 5 5 2 1 4 0 3 7 6 
15 9 6 5 2 1 4 0 6 3 7 
15 10 5 0 2 1 4 5 6 3 7 
16 11 5 0 2 1 4 6 3 7 5 
16 11 5 2 0 1 4 5 6 3 7 
16 11 5 5 2 0 4 6 3 7 1 
16 11 5 5 2 1 4 7 6 3 0 
16 12 4 5 2 1 0 7 6 3 4 
16 12 4 5 2 1 4 7 6 0 3 
16 10 6 5 2 3 4 0 7 6 1 
16 12 4 5 2 3 4 6 0 7 1 
16 10 6 5 2 4 1 6 0 3 7 
16 9 7 5 2 4 1 7 0 6 3 
16 10 6 5 2 4 3 1 0 6 7 
16 11 5 5 0 4 3 1 2 6 7 
16 11 5 5 2 4 3 0 1 6 7 
16 10 6 5 2 4 3 1 6 7 0 
15 11 4 5 2 4 0 1 6 7 3 
16 12 4 5 2 4 3 0 6 7 1 
16 9 7 5 2 4 3 7 6 0 1 
16 9 7 5 4 0 3 1 6 2 7 
16 7 9 5 4 0 3 6 2 7 1 
16 10 6 5 4 0 7 1 6 2 3 
16 9 7 5 4 0 7 1 6 3 2 
16 9 7 5 4 0 7 2 1 3 6 
16 7 9 5 4 1 0 6 2 7 3 
16 8 8 5 4 1 3 6 2 7 0 
15 9 6 5 4 1 3 6 2 0 7 
16 10 6 5 4 1 3 0 2 7 6 
16 8 8 5 4 3 0 7 6 2 1 
16 8 8 5 4 3 1 6 2 0 7 
16 9 7 5 4 3 1 6 0 2 7 
16 9 7 5 4 3 1 6 2 7 0 
15 10 5 5 4 3 0 6 2 7 1 
16 11 5 5 4 3 1 0 2 7 6 
16 8 8 5 4 3 6 0 2 1 7 
16 9 7 5 4 3 7 1 0 6 2 
16 10 6 5 0 3 7 1 4 6 2 
16 10 6 5 4 3 7 0 1 6 2 
16 9 7 5 4 3 7 2 1 6 0 
15 10 5 5 4 3 0 2 1 6 7 
16 7 9 5 4 7 1 0 6 2 3 
16 8 8 5 4 7 1 2 3 0 6 
16 9 7 5 4 0 1 2 3 7 6 
16 9 7 5 4 7 1 2 3 6 0 
15 10 5 5 4 7 0 2 3 6 1 
16 11 5 5 4 7 1 0 3 6 2 
16 7 9 5 4 7 3 6 0 2 1 
16 7 9 5 4 7 3 6 2 1 0 
16 8 8 5 4 7 0 6 2 1 3 
16 9 7 5 6 2 4 1 0 3 7 
16 3 13 6 0 4 7 2 5 3 1 
16 4 12 6 0 4 7 5 2 3 1 
16 5 11 0 6 4 7 5 2 3 1 
16 6 10 5 6 4 7 0 2 3 1 
16 6 10 6 0 5 4 1 2 3 7 
16 6 10 6 2 4 7 0 5 3 1 
16 5 11 6 4 0 7 5 2 3 1 
16 6 10 6 5 0 7 1 2 3 4 
16 6 10 6 5 3 4 1 2 0 7 
15 7 8 6 5 3 4 1 0 2 7 
15 7 8 6 5 3 4 1 2 7 0 
14 8 6 6 5 3 0 1 2 7 4 
15 9 6 6 5 3 4 0 2 7 1 
16 10 6 0 5 3 4 1 2 7 6 
16 10 6 6 5 0 4 1 2 7 3 
16 4 12 6 5 4 0 7 2 3 1 
16 5 11 6 5 0 4 7 2 3 1 
16 5 11 6 5 4 1 7 2 3 0 
15 6 9 6 5 4 1 7 2 0 3 
16 7 9 6 5 4 1 0 2 3 7 
16 3 13 6 5 4 7 2 3 0 1 
16 10 6 7 0 3 4 5 2 6 1 
16 6 10 7 0 3 4 6 5 2 1 
16 6 10 7 0 4 1 6 5 2 3 
16 9 7 7 2 0 1 5 6 4 3 
16 12 4 7 2 0 4 5 6 1 3 
16 10 6 7 2 3 4 0 5 6 1 
16 9 7 7 2 4 1 5 0 6 3 
16 9 7 7 2 4 3 5 6 0 1 
16 9 7 7 2 4 5 0 6 3 1 
16 5 11 7 2 5 4 6 0 3 1 
15 6 9 7 2 5 4 0 6 3 1 
15 7 8 0 2 5 4 7 6 3 1 
15 6 9 7 2 5 4 6 3 0 1 
16 8 8 2 0 5 4 7 6 3 1 
16 8 8 7 2 5 4 1 6 3 0 
15 9 6 7 2 5 0 1 6 3 4 
15 9 6 7 2 5 4 1 6 0 3 
16 8 8 7 5 0 4 6 2 1 3 
16 6 10 7 5 3 4 0 6 2 1 
16 7 9 0 5 3 4 7 6 2 1 
16 6 10 7 5 4 1 0 6 2 3 
16 6 10 7 5 4 1 2 0 3 6 
16 7 9 7 0 4 1 2 5 3 6 
16 7 9 7 5 4 1 2 3 0 6 
16 8 8 7 5 0 1 2 3 4 6 
16 8 8 7 5 4 1 2 3 6 0 
15 9 6 7 5 4 0 2 3 6 1 
16 10 6 7 5 4 1 0 3 6 2 
16 5 11 7 5 4 3 6 2 0 1 
16 6 10 7 5 0 3 6 2 4 1 
16 6 10 7 5 4 3 6 0 2 1 
16 6 10 7 5 4 3 6 2 1 0 
16 7 9 7 5 4 0 6 2 1 3 
16 5 11 7 5 4 6 0 2 3 1 
17 11 6 0 2 1 4 5 3 7 6 
17 11 6 0 2 3 4 5 1 6 7 
17 11 6 0 2 3 4 5 7 6 1 
17 13 4 0 2 4 3 1 6 7 5 
17 7 10 0 2 4 7 5 3 1 6 
17 11 6 0 2 5 4 1 6 3 7 
17 11 6 0 4 1 3 6 2 7 5 
17 9 8 0 4 1 5 6 2 7 3 
17 12 5 0 4 3 1 6 2 7 5 
17 11 6 0 4 3 2 5 6 1 7 
17 10 7 0 4 3 5 1 6 2 7 
17 12 5 0 4 3 7 2 1 6 5 
17 12 5 0 4 7 1 2 3 6 5 
17 12 5 0 4 7 1 2 5 6 3 
17 11 6 0 4 7 1 2 6 3 5 
17 8 9 0 4 7 1 5 6 2 3 
17 7 10 0 4 7 6 5 2 3 1 
17 9 8 0 5 2 4 7 6 3 1 
17 8 9 0 5 3 4 7 2 1 6 
17 11 6 0 5 4 1 2 3 6 7 
17 8 9 0 5 4 1 6 2 7 3 
17 7 10 0 5 4 1 7 6 2 3 
17 9 8 0 5 4 2 1 6 3 7 
17 6 11 0 5 4 6 7 2 3 1 
17 9 8 0 5 4 7 1 6 3 2 
17 8 9 0 5 4 7 2 3 1 6 
17 4 13 0 6 4 7 2 5 3 1 
17 7 10 0 6 5 4 1 2 3 7 
17 9 8 0 7 2 4 5 6 3 1 
17 7 10 0 7 3 4 6 5 2 1 
17 13 4 1 2 3 4 0 6 7 5 
16 14 2 1 2 3 4 6 0 7 5 
17 15 2 1 2 3 4 5 6 7 0 
