0 0 0 0 5 4 7 6 2 3 1 
0 0 12 2 5 4 7 6 0 3 1 
0 0 10 2 0 4 7 6 5 3 1 
0 0 10 2 5 4 7 0 6 3 1 
0 0 10 0 5 4 7 2 6 3 1 
0 0 10 2 0 4 7 5 6 3 1 
0 0 9 0 2 4 7 5 6 3 1 
0 0 8 5 2 4 7 0 6 3 1 
0 0 8 5 0 4 7 2 6 3 1 
0 0 8 5 2 4 0 7 6 3 1 
0 0 7 0 2 4 5 7 6 3 1 
0 0 7 5 2 0 4 7 6 3 1 
0 0 7 5 0 2 4 7 6 3 1 
0 0 7 5 2 3 4 7 6 0 1 
0 0 5 5 2 3 4 7 0 6 1 
0 0 5 5 2 3 4 7 6 1 0 
0 0 4 0 2 3 4 7 6 1 5 
0 0 4 5 2 0 4 7 6 1 3 
0 0 4 5 2 3 0 7 6 1 4 
0 0 4 5 2 3 4 0 6 1 7 
0 0 5 0 2 3 4 5 6 1 7 
0 0 5 2 0 3 4 5 6 1 7 
0 0 5 4 2 3 0 5 6 1 7 
0 0 5 4 2 0 3 5 6 1 7 
0 0 5 4 2 3 1 5 6 0 7 
0 0 4 4 2 0 1 5 6 3 7 
0 0 4 4 2 3 1 5 0 6 7 
0 0 4 4 2 3 1 5 6 7 0 
0 0 2 0 2 3 1 5 6 7 4 
0 0 2 4 2 0 1 5 6 7 3 
0 0 2 4 2 3 0 5 6 7 1 
0 0 2 4 2 3 1 0 6 7 5 
0 0 4 0 2 3 1 4 6 7 5 
0 0 4 0 2 3 4 5 6 7 1 
0 0 4 1 2 3 0 5 6 7 4 
0 0 2 1 2 0 3 5 6 7 4 
0 0 2 1 2 3 4 5 6 7 0 
