0 0 0 7 4 0 5 3 2 6 1 
0 0 24 7 0 4 5 3 2 6 1 
0 0 24 0 7 4 5 3 2 6 1 
0 0 24 2 7 4 5 3 0 6 1 
0 0 20 2 0 4 5 3 7 6 1 
0 0 20 0 2 4 5 3 7 6 1 
0 0 20 2 4 0 5 3 7 6 1 
0 0 20 2 4 5 0 3 7 6 1 
0 0 20 0 4 5 2 3 7 6 1 
0 0 20 2 4 5 1 3 7 6 0 
0 0 12 0 4 5 1 3 7 6 2 
0 0 12 2 4 0 1 3 7 6 5 
0 0 12 2 4 5 1 0 7 6 3 
0 0 12 2 4 5 1 3 7 0 6 
0 0 14 2 4 0 1 3 7 5 6 
0 0 14 2 4 5 1 3 0 7 6 
0 0 14 2 0 5 1 3 4 7 6 
0 0 14 2 4 5 1 0 3 7 6 
0 0 16 0 4 5 1 2 3 7 6 
0 0 16 2 0 5 1 4 3 7 6 
0 0 16 2 4 5 0 1 3 7 6 
0 0 16 2 4 5 1 6 3 7 0 
0 0 12 0 4 5 1 6 3 7 2 
0 0 12 2 4 0 1 6 3 7 5 
0 0 12 2 4 5 0 6 3 7 1 
0 0 12 2 4 5 1 6 3 0 7 
0 0 14 2 4 0 1 6 3 5 7 
0 0 14 2 4 5 1 6 0 3 7 
0 0 16 2 0 5 1 6 4 3 7 
0 0 16 2 4 5 1 0 6 3 7 
0 0 16 0 4 5 1 2 6 3 7 
0 0 16 2 0 5 1 4 6 3 7 
0 0 16 2 4 5 0 1 6 3 7 
0 0 16 2 4 5 1 7 6 3 0 
0 0 14 0 4 5 1 7 6 3 2 
0 0 14 2 4 0 1 7 6 3 5 
0 0 14 2 4 5 0 7 6 3 1 
0 0 14 2 4 5 1 7 6 0 3 
0 0 16 2 4 0 1 7 6 5 3 
0 0 16 2 4 5 1 7 0 6 3 
0 0 18 0 2 5 1 3 4 7 6 
0 0 18 0 2 5 1 4 3 7 6 
0 0 18 0 2 5 1 4 6 3 7 
0 0 18 0 4 5 1 2 7 6 3 
0 0 18 0 4 5 2 1 3 7 6 
0 0 18 0 4 5 2 1 6 3 7 
0 0 18 1 2 5 0 3 4 7 6 
0 0 12 1 2 0 5 3 4 7 6 
0 0 12 1 0 2 5 3 4 7 6 
0 0 12 1 2 5 3 0 4 7 6 
0 0 10 0 2 5 3 1 4 7 6 
0 0 10 1 0 5 3 2 4 7 6 
0 0 10 1 2 5 3 4 0 7 6 
0 0 8 1 0 5 3 4 2 7 6 
0 0 8 1 2 5 3 4 7 0 6 
0 0 8 1 2 0 3 4 7 5 6 
0 0 8 1 2 5 3 4 7 6 0 
0 0 6 0 2 5 3 4 7 6 1 
0 0 6 1 2 0 3 4 7 6 5 
0 0 6 1 2 5 0 4 7 6 3 
0 0 6 1 2 5 3 0 7 6 4 
0 0 10 1 2 5 3 6 4 7 0 
0 0 6 0 2 5 3 6 4 7 1 
0 0 6 1 2 0 3 6 4 7 5 
0 0 6 1 2 5 0 6 4 7 3 
0 0 6 1 2 5 3 6 4 0 7 
0 0 8 1 2 0 3 6 4 5 7 
0 0 8 1 2 5 3 6 0 4 7 
0 0 10 1 0 5 3 6 2 4 7 
0 0 10 1 2 5 3 0 6 4 7 
0 0 10 0 2 5 3 1 6 4 7 
0 0 10 1 0 5 3 2 6 4 7 
0 0 10 1 2 5 0 3 6 4 7 
0 0 10 1 2 5 3 7 6 4 0 
0 0 8 0 2 5 3 7 6 4 1 
0 0 8 1 2 0 3 7 6 4 5 
0 0 8 1 2 5 0 7 6 4 3 
0 0 8 1 2 5 3 7 6 0 4 
0 0 10 1 2 0 3 7 6 5 4 
0 0 10 1 2 5 3 7 0 6 4 
0 0 10 1 0 5 3 7 2 6 4 
0 0 12 0 1 5 3 2 4 7 6 
0 0 12 0 1 5 3 7 2 6 4 
0 0 12 0 2 5 1 3 6 4 7 
0 0 12 0 2 5 3 1 7 6 4 
0 0 12 1 0 2 3 4 7 5 6 
0 0 12 1 0 2 3 4 7 6 5 
0 0 12 1 0 2 3 6 4 5 7 
0 0 12 1 0 2 3 6 4 7 5 
0 0 12 1 0 5 3 2 7 6 4 
0 0 12 0 1 5 3 2 7 6 4 
0 0 12 1 2 0 5 3 6 4 7 
0 0 12 1 0 2 5 3 6 4 7 
0 0 12 1 2 3 0 4 7 5 6 
0 0 10 0 2 3 1 4 7 5 6 
0 0 10 1 2 3 4 0 7 5 6 
0 0 8 0 2 3 4 1 7 5 6 
0 0 8 1 0 3 4 2 7 5 6 
0 0 8 1 2 3 4 6 7 5 0 
0 0 4 0 2 3 4 6 7 5 1 
0 0 4 1 2 0 4 6 7 5 3 
0 0 4 1 2 3 0 6 7 5 4 
0 0 4 1 2 3 4 6 7 0 5 
0 0 6 1 2 0 4 6 7 3 5 
0 0 6 1 2 3 4 6 0 7 5 
0 0 6 1 0 3 4 6 2 7 5 
0 0 6 1 2 3 4 0 6 7 5 
0 0 6 0 2 3 4 1 6 7 5 
0 0 6 1 0 3 4 2 6 7 5 
0 0 6 1 2 3 0 4 6 7 5 
0 0 6 1 2 3 4 5 6 7 0 
