0 0 0 3 5 1 2 0 4 6 7 
13 1 12 0 5 1 2 3 4 6 7 
13 1 12 3 5 1 2 4 0 6 7 
14 2 12 3 5 1 2 7 4 6 0 
15 3 12 3 0 1 2 5 4 6 7 
15 3 12 3 5 1 0 2 4 6 7 
7 1 6 3 5 1 0 7 4 6 2 
7 1 6 3 5 1 2 7 4 0 6 
9 3 6 0 5 1 2 7 4 6 3 
9 3 6 3 5 0 2 7 4 6 1 
13 1 12 3 0 1 2 4 5 6 7 
13 1 12 3 5 1 2 4 6 0 7 
13 1 12 3 5 0 1 2 4 6 7 
13 1 12 3 5 1 7 2 4 6 0 
14 2 12 0 5 1 3 2 4 6 7 
9 1 8 3 5 0 2 7 4 1 6 
9 1 8 3 5 1 2 7 0 4 6 
15 3 12 3 5 1 6 2 4 0 7 
17 1 16 0 3 1 2 5 4 6 7 
17 1 16 3 1 0 2 5 4 6 7 
17 1 16 3 4 1 2 5 0 6 7 
19 1 18 5 0 1 2 3 4 6 7 
20 2 18 2 5 1 0 3 4 6 7 
5 1 4 3 5 1 7 2 4 0 6 
13 1 12 3 5 0 1 7 4 6 2 
6 2 4 3 5 1 7 0 4 6 2 
21 3 18 4 5 1 2 3 0 6 7 
14 2 12 0 5 1 3 7 4 6 2 
7 3 4 0 5 1 7 2 4 6 3 
7 3 4 3 5 0 7 2 4 6 1 
15 3 12 3 5 1 6 7 4 0 2 
13 1 12 3 5 0 2 4 6 1 7 
13 1 12 3 5 1 2 4 6 7 0 
17 1 16 3 0 5 2 7 4 6 1 
7 1 6 3 5 0 7 2 4 1 6 
7 1 6 3 5 1 7 2 0 4 6 
17 1 16 3 5 2 0 7 4 6 1 
17 1 16 3 5 6 2 7 4 0 1 
11 1 10 3 0 1 2 7 5 4 6 
11 1 10 3 5 1 2 0 7 4 6 
19 1 18 5 0 1 2 7 4 6 3 
19 1 18 7 5 1 2 0 4 6 3 
17 1 16 0 3 1 2 4 5 6 7 
20 2 18 2 5 1 0 7 4 6 3 
15 1 14 3 0 5 1 2 4 6 7 
17 1 16 3 1 0 2 4 5 6 7 
13 1 12 3 5 0 6 2 4 1 7 
13 1 12 3 5 1 6 2 0 4 7 
13 1 12 3 5 1 6 2 4 7 0 
15 1 14 3 5 6 1 2 4 0 7 
21 3 18 4 5 1 2 7 0 6 3 
11 1 10 0 5 1 7 3 4 6 2 
13 1 12 3 4 1 2 0 5 6 7 
13 1 12 3 4 1 2 5 6 0 7 
11 1 10 3 5 1 7 4 0 6 2 
17 1 16 2 5 1 3 0 4 6 7 
17 1 16 5 0 1 3 2 4 6 7 
13 3 10 3 0 1 7 5 4 6 2 
17 1 16 3 0 5 2 7 4 1 6 
15 1 14 3 1 2 0 5 4 6 7 
15 1 14 3 1 6 2 5 4 0 7 
17 1 16 3 5 2 0 7 4 1 6 
19 3 16 4 5 1 3 2 0 6 7 
9 1 8 3 0 1 7 2 5 4 6 
15 1 14 3 0 5 1 7 4 6 2 
13 1 12 3 5 0 6 7 4 1 2 
13 1 12 3 5 1 6 7 0 4 2 
13 1 12 3 5 1 6 7 4 2 0 
9 1 8 3 5 1 7 0 2 4 6 
15 1 14 3 5 6 1 7 4 0 2 
17 1 16 5 3 1 2 0 4 6 7 
18 2 16 2 3 1 0 5 4 6 7 
17 1 16 2 5 0 1 3 4 6 7 
17 1 16 2 5 1 7 3 4 6 0 
15 1 14 3 0 5 7 2 4 6 1 
11 1 10 3 5 1 0 4 6 7 2 
15 1 14 3 5 6 7 2 4 0 1 
15 1 14 3 5 7 0 2 4 6 1 
12 2 10 3 5 1 2 0 6 7 4 
17 1 16 4 0 1 2 3 5 6 7 
19 3 16 4 3 1 2 5 0 6 7 
17 1 16 4 5 1 2 0 3 6 7 
17 1 16 4 5 1 2 3 6 0 7 
19 1 18 5 1 0 2 3 4 6 7 
19 1 18 5 4 1 2 3 0 6 7 
13 3 10 0 5 1 2 4 6 7 3 
19 3 16 2 5 1 6 3 4 0 7 
17 1 16 2 5 1 7 0 4 6 3 
13 3 10 3 5 0 2 4 6 7 1 
17 1 16 5 0 1 3 7 4 6 2 
17 1 16 5 0 1 7 2 4 6 3 
17 1 16 7 5 1 3 0 4 6 2 
18 2 16 7 5 1 0 2 4 6 3 
13 1 12 0 5 1 2 3 7 4 6 
11 1 10 3 5 1 0 2 4 7 6 
19 3 16 4 5 1 3 7 0 6 2 
19 3 16 4 5 1 7 2 0 6 3 
15 1 14 3 0 5 7 2 4 1 6 
14 2 12 3 5 1 2 6 7 4 0 
12 2 10 3 5 1 6 0 4 7 2 
15 1 14 3 5 7 0 2 4 1 6 
13 3 10 0 5 1 6 2 4 7 3 
15 3 12 3 0 1 2 5 7 4 6 
11 1 10 3 0 1 7 4 5 6 2 
11 1 10 3 4 0 2 5 6 1 7 
11 1 10 3 4 1 2 5 6 7 0 
13 3 10 3 5 0 6 2 4 7 1 
15 3 12 3 5 1 0 2 7 4 6 
11 1 10 3 5 1 7 4 6 0 2 
17 1 16 0 3 5 2 7 4 6 1 
17 1 16 3 4 5 2 7 0 6 1 
17 1 16 3 5 2 1 7 4 6 0 
17 1 16 3 5 6 2 7 0 4 1 
17 1 16 3 5 6 2 7 4 1 0 
17 1 16 0 3 1 2 7 5 4 6 
15 1 14 0 3 5 1 2 4 6 7 
18 2 16 0 5 2 3 7 4 6 1 
15 1 14 3 0 1 6 2 5 4 7 
17 1 16 3 1 0 2 7 5 4 6 
15 1 14 3 1 2 0 4 5 6 7 
15 1 14 3 1 6 2 4 5 0 7 
15 1 14 3 4 5 1 2 0 6 7 
15 1 14 3 5 1 6 0 2 4 7 
15 1 14 3 5 6 1 2 0 4 7 
15 1 14 3 5 6 1 2 4 7 0 
19 3 16 3 5 2 6 7 4 0 1 
19 3 16 3 5 2 7 0 4 6 1 
17 1 16 7 5 1 2 4 0 6 3 
15 1 14 0 4 1 2 3 5 6 7 
11 1 10 0 5 1 7 3 2 4 6 
21 1 20 3 0 5 2 4 6 1 7 
13 1 12 3 1 2 7 5 4 6 0 
13 1 12 3 1 6 2 5 0 4 7 
13 1 12 3 1 6 2 5 4 7 0 
11 1 10 3 5 1 0 7 4 2 6 
21 1 20 3 5 2 0 4 6 1 7 
17 1 16 4 3 1 2 0 5 6 7 
18 2 16 7 5 1 2 3 4 6 0 
14 2 12 0 1 2 3 5 4 6 7 
18 2 16 2 3 1 0 4 5 6 7 
15 1 14 2 5 1 3 4 0 6 7 
11 1 10 2 5 1 7 3 4 0 6 
16 2 14 3 4 1 2 7 5 6 0 
12 2 10 3 5 1 6 0 4 2 7 
12 2 10 3 5 1 7 6 2 4 0 
19 1 18 5 1 0 2 7 4 6 3 
19 1 18 5 4 1 2 7 0 6 3 
19 3 16 7 0 1 2 5 4 6 3 
15 1 14 0 3 1 7 5 4 6 2 
13 3 10 0 5 1 6 7 4 2 3 
19 1 18 2 5 0 1 7 4 6 3 
19 1 18 2 5 1 3 7 4 6 0 
13 3 10 3 0 1 7 5 2 4 6 
15 1 14 3 1 0 7 5 4 6 2 
15 3 12 3 1 2 5 0 4 6 7 
15 3 12 3 1 2 6 5 4 0 7 
17 3 14 3 4 1 0 2 5 6 7 
15 1 14 3 4 1 7 5 0 6 2 
13 3 10 3 5 0 6 7 4 2 1 
13 3 10 3 5 1 0 7 2 4 6 
17 1 16 5 0 1 7 3 4 6 2 
19 3 16 5 3 1 2 4 0 6 7 
17 3 14 2 0 1 3 5 4 6 7 
13 1 12 2 3 0 1 5 4 6 7 
13 1 12 2 3 1 7 5 4 6 0 
13 3 10 2 5 0 7 3 4 6 1 
19 1 18 4 0 1 2 7 5 6 3 
19 1 18 4 5 1 2 0 7 6 3 
19 1 18 4 5 1 2 7 6 0 3 
17 1 16 5 1 0 3 2 4 6 7 
14 2 12 5 3 1 2 7 4 6 0 
17 1 16 5 4 1 3 2 0 6 7 
18 2 16 7 5 1 0 3 4 6 2 
15 1 14 0 3 1 7 2 5 4 6 
15 1 14 0 3 5 1 7 4 6 2 
17 1 16 0 3 5 2 7 4 1 6 
21 3 18 2 5 1 6 7 4 0 3 
15 1 14 3 0 1 6 7 5 4 2 
21 1 20 3 0 5 6 2 4 1 7 
15 1 14 3 1 0 7 2 5 4 6 
15 1 14 3 4 5 1 7 0 6 2 
17 1 16 3 4 5 2 7 0 1 6 
15 1 14 3 5 1 6 0 7 4 2 
17 1 16 3 5 2 6 7 4 1 0 
21 1 20 3 5 6 0 2 4 1 7 
15 1 14 3 5 6 1 7 0 4 2 
15 1 14 3 5 6 1 7 4 2 0 
13 1 12 4 0 1 2 5 3 6 7 
13 1 12 4 3 1 2 5 6 0 7 
19 3 16 4 5 1 7 3 0 6 2 
15 3 12 5 3 1 0 2 4 6 7 
15 1 14 0 3 5 7 2 4 6 1 
18 2 16 0 5 2 3 7 4 1 6 
15 3 12 2 3 1 5 0 4 6 7 
15 3 12 2 3 1 6 5 4 0 7 
9 1 8 3 4 1 0 5 6 7 2 
15 1 14 3 4 5 7 2 0 6 1 
15 1 14 3 5 6 7 2 0 4 1 
15 1 14 3 5 6 7 2 4 1 0 
15 1 14 3 5 7 1 2 4 6 0 
17 1 16 4 0 1 3 2 5 6 7 
17 1 16 4 5 1 3 0 2 6 7 
17 1 16 4 5 1 3 2 6 0 7 
15 1 14 0 5 1 2 3 6 7 4 
16 2 14 0 5 7 3 2 4 6 1 
10 2 8 3 4 1 2 0 6 7 5 
11 1 10 3 5 1 0 6 7 4 2 
15 1 14 3 5 1 2 6 0 7 4 
11 1 10 3 5 1 2 6 7 0 4 
19 3 16 3 5 2 1 7 4 0 6 
19 3 16 3 5 2 7 0 4 1 6 
15 1 14 4 5 0 2 3 6 1 7 
15 1 14 4 5 1 2 3 6 7 0 
11 3 8 0 4 1 2 5 6 7 3 
15 1 14 2 5 0 6 3 4 1 7 
15 1 14 2 5 1 6 3 0 4 7 
15 1 14 2 5 1 6 3 4 7 0 
7 1 6 3 1 2 7 5 4 0 6 
11 3 8 3 4 0 2 5 6 7 1 
13 1 12 3 5 0 1 2 4 7 6 
17 1 16 3 5 0 1 4 6 7 2 
11 1 10 3 5 0 7 4 6 1 2 
11 1 10 3 5 1 7 4 6 2 0 
10 2 8 3 5 2 1 0 4 6 7 
17 3 14 3 5 7 2 0 4 6 1 
17 3 14 3 5 7 6 2 4 0 1 
15 1 14 7 5 1 3 4 0 6 2 
13 3 10 0 5 1 2 6 7 4 3 
14 2 12 0 5 1 3 2 4 7 6 
18 2 16 0 5 1 3 4 6 7 2 
11 3 8 0 5 2 1 7 4 6 3 
17 3 14 3 0 1 2 5 6 7 4 
8 2 6 3 1 2 7 0 4 6 5 
13 3 10 3 5 0 2 6 7 4 1 
17 3 14 3 5 1 0 2 6 7 4 
17 1 16 5 1 2 0 3 4 6 7 
17 1 16 5 1 6 2 3 4 0 7 
17 1 16 5 4 1 2 0 3 6 7 
17 1 16 5 4 1 2 3 6 0 7 
16 2 14 7 5 1 3 2 4 6 0 
9 3 6 0 1 2 7 5 4 6 3 
19 1 18 2 0 5 1 3 4 6 7 
17 1 16 2 5 1 7 4 0 6 3 
19 1 18 2 5 6 1 3 4 0 7 
13 1 12 3 5 0 1 2 7 4 6 
15 3 12 3 5 1 2 0 4 7 6 
19 3 16 3 5 1 4 0 6 7 2 
13 1 12 3 5 1 6 2 7 4 0 
17 1 16 5 1 0 3 7 4 6 2 
17 1 16 5 1 0 7 2 4 6 3 
17 1 16 5 4 1 3 7 0 6 2 
17 1 16 5 4 1 7 2 0 6 3 
17 3 14 7 0 1 3 5 4 6 2 
15 1 14 0 3 5 7 2 4 1 6 
19 1 18 0 5 1 2 4 3 6 7 
14 2 12 0 5 1 3 2 7 4 6 
21 1 20 3 0 5 6 7 4 1 2 
15 1 14 3 4 5 7 2 0 1 6 
9 1 8 3 5 1 0 6 2 4 7 
9 1 8 3 5 1 7 6 2 0 4 
21 1 20 3 5 6 0 7 4 1 2 
15 1 14 3 5 7 6 2 4 1 0 
19 1 18 4 1 0 2 3 5 6 7 
7 1 6 5 3 1 0 7 4 6 2 
7 1 6 5 3 1 2 7 4 0 6 
17 1 16 7 5 0 1 2 4 6 3 
16 2 14 0 5 7 3 2 4 1 6 
19 3 16 2 0 1 7 5 4 6 3 
13 1 12 3 1 2 7 4 5 6 0 
11 1 10 3 1 6 0 5 4 7 2 
13 1 12 3 1 6 2 4 0 5 7 
13 1 12 3 1 6 2 4 5 7 0 
15 3 12 3 5 1 4 2 7 0 6 
13 1 12 3 5 6 0 2 4 7 1 
17 1 16 4 0 1 3 7 5 6 2 
17 1 16 4 0 1 7 2 5 6 3 
20 2 18 4 5 1 2 7 3 6 0 
17 1 16 4 5 1 3 0 7 6 2 
17 1 16 4 5 1 3 7 6 0 2 
17 1 16 4 5 1 7 0 2 6 3 
17 1 16 4 5 1 7 2 6 0 3 
11 1 10 7 5 1 2 3 4 0 6 
14 2 12 0 1 2 3 4 5 6 7 
9 3 6 0 3 1 2 7 4 6 5 
17 1 16 0 5 1 6 3 4 7 2 
11 3 8 0 5 1 7 6 2 4 3 
9 1 8 2 3 1 7 5 4 0 6 
12 2 10 3 1 6 2 0 4 7 5 
11 3 8 3 5 0 7 6 2 4 1 
17 1 16 3 5 1 6 4 0 7 2 
14 2 12 3 5 6 1 0 4 7 2 
17 3 14 3 5 7 1 2 4 0 6 
17 3 14 3 5 7 2 0 4 1 6 
21 3 18 4 5 1 0 2 3 6 7 
9 3 6 5 3 0 2 7 4 6 1 
19 3 16 7 5 1 6 2 4 0 3 
13 3 10 0 1 6 2 5 4 7 3 
17 1 16 0 3 1 2 5 7 4 6 
17 1 16 0 3 1 7 4 5 6 2 
15 3 12 0 5 6 1 2 4 7 3 
10 2 8 2 3 1 7 0 4 6 5 
15 1 14 2 3 5 1 0 4 6 7 
11 1 10 2 5 1 3 7 4 0 6 
21 1 20 3 0 5 2 4 6 7 1 
13 3 10 3 1 0 2 5 4 7 6 
17 1 16 3 1 0 2 5 7 4 6 
11 1 10 3 1 0 6 5 4 2 7 
17 1 16 3 1 0 7 4 5 6 2 
15 1 14 3 1 2 0 7 5 4 6 
15 3 12 3 1 2 4 0 5 6 7 
15 3 12 3 1 2 6 4 5 0 7 
11 1 10 3 1 2 6 5 0 4 7 
11 1 10 3 1 2 6 5 4 7 0 
15 1 14 3 1 4 2 7 5 0 6 
15 1 14 3 4 5 1 0 2 6 7 
15 1 14 3 4 5 1 2 6 0 7 
13 1 12 3 5 0 1 7 4 2 6 
21 1 20 3 5 2 0 4 6 7 1 
16 2 14 3 5 6 2 0 4 1 7 
8 2 6 3 5 7 1 0 4 6 2 
21 1 20 3 5 7 2 4 6 0 1 
17 1 16 3 7 1 2 5 0 4 6 
21 1 20 4 5 1 2 0 6 7 3 
19 1 18 5 0 1 2 3 7 4 6 
21 1 20 5 0 1 2 4 6 7 3 
13 3 10 7 5 0 2 3 4 6 1 
14 2 12 0 5 1 3 7 4 2 6 
15 1 14 0 5 2 7 3 4 6 1 
17 3 14 0 5 6 2 7 4 1 3 
9 3 6 0 5 7 1 2 4 6 3 
16 2 14 1 3 5 0 2 4 6 7 
13 1 12 2 0 1 3 4 5 6 7 
13 1 12 2 3 0 1 4 5 6 7 
11 3 8 2 3 0 7 5 4 6 1 
13 1 12 2 3 1 7 4 5 6 0 
13 1 12 2 5 0 7 3 4 1 6 
20 2 18 2 5 1 0 3 7 4 6 
22 2 20 2 5 1 0 4 6 7 3 
13 1 12 2 5 1 3 4 6 0 7 
13 1 12 2 5 1 7 3 0 4 6 
19 3 16 3 0 1 6 5 4 7 2 
13 1 12 3 4 1 0 7 5 6 2 
13 1 12 3 4 1 2 7 5 0 6 
17 1 16 3 4 5 2 0 7 6 1 
17 1 16 3 4 5 2 7 6 0 1 
19 3 16 3 5 1 0 6 4 7 2 
15 1 14 3 5 2 7 4 0 6 1 
17 1 16 7 3 5 2 0 4 6 1 
13 1 12 0 1 2 5 3 4 6 7 
17 1 16 0 5 1 6 3 2 4 7 
18 2 16 2 3 5 0 7 4 6 1 
13 3 10 2 5 0 3 7 4 6 1 
19 1 18 3 0 4 2 5 6 1 7 
17 1 16 3 0 6 1 2 5 4 7 
15 1 14 3 0 6 2 5 1 4 7 
13 1 12 3 1 2 5 4 0 6 7 
15 1 14 3 1 6 2 0 5 4 7 
13 1 12 3 1 6 7 5 4 0 2 
13 1 12 3 1 7 0 5 4 6 2 
19 1 18 3 4 2 0 5 6 1 7 
13 1 12 3 5 0 1 7 2 4 6 
13 1 12 3 5 1 6 7 2 4 0 
15 3 12 3 5 1 7 0 4 2 6 
16 2 14 3 5 2 7 1 4 6 0 
17 1 16 3 5 6 1 0 2 4 7 
11 1 10 4 3 0 2 5 6 1 7 
11 1 10 4 3 1 2 5 6 7 0 
17 3 14 4 3 5 1 2 0 6 7 
13 1 12 5 0 1 2 4 3 6 7 
13 1 12 5 3 1 2 4 6 0 7 
23 3 20 6 5 1 2 4 0 7 3 
17 1 16 7 3 1 2 0 5 4 6 
21 3 18 7 5 1 2 3 0 4 6 
15 3 12 0 4 1 2 7 5 6 3 
14 2 12 0 5 1 3 7 2 4 6 
15 1 14 1 0 2 3 5 4 6 7 
11 1 10 2 3 0 6 5 4 1 7 
18 2 16 2 3 1 0 7 5 4 6 
15 3 12 2 3 1 4 0 5 6 7 
15 3 12 2 3 1 6 4 5 0 7 
11 1 10 2 3 1 6 5 0 4 7 
11 1 10 2 3 1 6 5 4 7 0 
17 3 14 3 0 2 7 5 4 6 1 
19 1 18 3 0 6 2 7 5 4 1 
9 1 8 3 1 0 7 5 4 2 6 
14 2 12 3 1 2 5 7 4 6 0 
9 1 8 3 1 2 7 5 0 4 6 
15 3 12 3 4 0 2 7 5 6 1 
9 1 8 3 5 1 0 4 6 2 7 
17 1 16 3 5 2 6 7 0 4 1 
19 1 18 3 5 6 2 0 7 4 1 
16 2 14 4 3 1 2 7 5 6 0 
19 3 16 4 3 5 2 7 0 6 1 
15 1 14 5 1 2 3 0 4 6 7 
17 1 16 7 0 1 2 4 5 6 3 
17 1 16 7 5 1 2 4 6 0 3 
15 1 14 0 3 1 7 5 2 4 6 
19 3 16 3 0 1 6 5 2 4 7 
15 3 12 3 0 2 5 1 4 6 7 
21 1 20 3 0 5 6 2 4 7 1 
15 1 14 3 1 0 7 5 2 4 6 
13 1 12 3 1 4 7 2 5 0 6 
13 1 12 3 1 7 0 2 5 4 6 
15 1 14 3 2 1 7 5 0 4 6 
15 1 14 3 4 1 7 0 5 6 2 
15 1 14 3 4 1 7 5 6 0 2 
15 3 12 3 5 1 4 7 2 0 6 
10 2 8 3 5 1 7 0 6 2 4 
11 1 10 3 5 2 1 7 0 4 6 
13 1 12 3 5 6 0 7 4 2 1 
17 3 14 4 3 1 0 2 5 6 7 
17 1 16 5 0 1 7 3 2 4 6 
13 1 12 5 3 0 1 2 4 6 7 
19 3 16 5 3 1 2 7 0 4 6 
15 1 14 5 3 1 7 0 4 6 2 
13 1 12 5 3 1 7 2 4 6 0 
9 1 8 7 5 1 3 2 4 0 6 
15 1 14 0 2 1 3 5 4 6 7 
14 2 12 0 3 1 5 2 4 6 7 
17 1 16 0 5 1 6 3 4 2 7 
11 3 8 0 5 1 7 4 6 2 3 
15 1 14 2 0 3 1 5 4 6 7 
15 1 14 2 1 0 3 5 4 6 7 
13 1 12 2 3 1 5 4 0 6 7 
15 1 14 2 3 6 1 5 4 0 7 
15 1 14 2 4 1 3 5 0 6 7 
11 3 8 3 5 0 7 4 6 2 1 
17 1 16 3 5 1 6 4 0 2 7 
14 2 12 3 5 6 1 0 4 2 7 
17 3 14 4 1 2 3 5 0 6 7 
17 1 16 5 1 2 0 7 4 6 3 
15 1 14 5 1 3 0 2 4 6 7 
17 1 16 5 1 6 2 7 4 0 3 
15 1 14 5 1 6 3 2 4 0 7 
16 2 14 7 3 1 0 5 4 6 2 
18 2 16 7 5 1 0 3 2 4 6 
21 1 20 0 3 1 6 2 5 4 7 
15 3 12 0 5 6 1 7 4 2 3 
14 2 12 2 3 1 5 7 4 6 0 
15 1 14 2 3 1 7 0 5 4 6 
23 1 22 2 5 1 6 0 4 7 3 
21 1 20 3 1 0 6 2 5 4 7 
17 1 16 3 4 0 1 2 5 6 7 
17 1 16 3 4 1 7 2 5 6 0 
15 1 14 3 4 5 1 0 7 6 2 
15 1 14 3 4 5 1 7 6 0 2 
13 1 12 3 5 0 2 6 7 1 4 
19 1 18 3 5 2 7 4 6 1 0 
14 2 12 3 5 6 7 0 4 1 2 
17 3 14 4 3 1 7 5 0 6 2 
13 1 12 4 5 1 0 3 6 7 2 
23 1 22 5 0 1 6 2 4 7 3 
21 1 20 5 0 2 3 7 4 6 1 
17 1 16 5 1 0 7 3 4 6 2 
9 1 8 5 3 0 2 7 4 1 6 
15 3 12 5 3 1 6 2 4 0 7 
17 1 16 5 4 1 7 3 0 6 2 
15 1 14 7 3 5 1 0 4 6 2 
11 3 8 7 5 0 3 2 4 6 1 
21 1 20 7 5 2 3 0 4 6 1 
18 2 16 0 4 1 3 2 5 6 7 
20 2 18 0 5 2 3 4 6 1 7 
15 3 12 0 5 6 7 2 4 1 3 
16 2 14 1 3 5 0 7 4 6 2 
15 3 12 2 0 1 5 3 4 6 7 
15 1 14 2 3 5 7 0 4 6 1 
20 2 18 2 4 1 0 3 5 6 7 
13 1 12 2 5 1 0 3 4 7 6 
19 3 16 3 0 1 6 5 4 2 7 
9 1 8 3 1 2 7 4 5 0 6 
15 1 14 3 4 5 7 0 2 6 1 
15 1 14 3 4 5 7 2 6 0 1 
19 3 16 3 5 1 0 6 4 2 7 
11 1 10 3 5 1 6 2 7 0 4 
16 2 14 3 5 2 6 0 4 1 7 
15 1 14 4 5 0 3 2 6 1 7 
15 1 14 4 5 1 3 2 6 7 0 
19 1 18 5 4 1 2 0 7 6 3 
19 1 18 5 4 1 2 7 6 0 3 
17 1 16 5 4 1 3 0 2 6 7 
17 1 16 5 4 1 3 2 6 0 7 
24 2 22 6 5 1 0 2 4 7 3 
16 2 14 7 3 1 0 2 5 4 6 
17 1 16 7 5 0 1 3 4 6 2 
13 1 12 0 1 2 7 3 4 6 5 
21 1 20 0 3 5 2 4 6 1 7 
15 1 14 0 4 1 2 3 6 7 5 
17 1 16 0 5 1 6 3 7 4 2 
17 3 14 0 5 2 6 7 4 1 3 
15 1 14 0 5 2 7 3 4 1 6 
15 1 14 3 0 1 2 6 5 7 4 
17 1 16 3 0 6 1 7 5 4 2 
10 2 8 3 1 2 7 0 5 6 4 
13 1 12 3 1 2 7 4 0 6 5 
15 1 14 3 4 1 2 6 0 7 5 
19 3 16 3 4 1 6 2 5 0 7 
17 1 16 3 4 5 2 0 7 1 6 
17 1 16 3 4 5 2 7 1 0 6 
11 1 10 3 5 0 7 6 2 1 4 
11 1 10 3 5 1 7 6 0 2 4 
21 3 18 3 5 2 1 4 6 0 7 
21 3 18 3 5 2 4 0 6 1 7 
15 1 14 3 5 2 7 4 0 1 6 
17 1 16 3 5 6 1 0 7 4 2 
9 1 8 3 5 7 1 2 0 4 6 
21 1 20 3 6 5 2 4 0 1 7 
17 1 16 4 0 1 7 3 5 6 2 
17 3 14 4 3 5 1 7 0 6 2 
15 3 12 4 5 0 2 3 6 7 1 
25 3 22 4 5 1 6 2 0 7 3 
17 1 16 4 5 1 7 0 3 6 2 
17 1 16 4 5 1 7 3 6 0 2 
23 3 20 4 5 2 3 7 0 6 1 
17 3 14 5 3 1 7 2 0 4 6 
16 2 14 7 3 5 0 2 4 6 1 
17 1 16 7 3 5 2 0 4 1 6 
11 3 8 0 1 2 7 4 5 6 3 
13 1 12 0 5 1 2 3 4 7 6 
13 3 10 0 5 1 6 2 7 4 3 
15 1 14 0 5 2 1 3 4 6 7 
15 1 14 0 5 7 2 3 4 6 1 
21 1 20 0 7 1 2 5 4 6 3 
18 2 16 2 3 5 0 7 4 1 6 
15 3 12 2 5 0 6 3 4 7 1 
15 1 14 3 0 5 1 2 4 7 6 
17 1 16 3 0 6 7 2 5 4 1 
9 1 8 3 1 2 0 5 4 7 6 
11 1 10 3 1 6 0 4 5 7 2 
17 1 16 3 4 0 1 5 6 7 2 
11 1 10 3 5 0 4 2 7 1 6 
13 3 10 3 5 0 6 2 7 4 1 
13 1 12 3 5 1 2 4 0 7 6 
11 1 10 3 5 1 4 2 0 7 6 
11 1 10 3 5 1 4 2 7 6 0 
15 1 14 3 5 2 1 4 0 6 7 
16 2 14 3 5 2 7 6 4 1 0 
17 1 16 3 5 6 7 0 2 4 1 
15 1 14 3 5 7 2 4 0 6 1 
15 1 14 3 5 7 6 2 0 4 1 
17 3 14 4 3 5 7 2 0 6 1 
19 1 18 4 5 0 2 7 6 1 3 
19 1 18 4 5 1 2 7 6 3 0 
5 1 4 5 3 1 7 2 4 0 6 
15 1 14 7 0 1 3 4 5 6 2 
21 1 20 7 1 0 2 5 4 6 3 
21 1 20 7 4 1 2 5 0 6 3 
15 1 14 7 5 1 3 4 6 0 2 
19 3 16 7 5 1 6 3 4 0 2 
19 1 18 0 4 1 2 5 3 6 7 
18 2 16 0 4 1 3 5 6 7 2 
9 1 8 1 3 0 5 2 4 6 7 
9 1 8 1 3 5 7 2 4 6 0 
