0 0 0 1 5 7 2 3 0 6 4 
9 1 8 1 0 7 2 3 5 6 4 
9 1 8 1 5 7 2 0 3 6 4 
9 2 7 0 5 7 2 1 3 6 4 
9 1 8 1 5 7 2 3 6 0 4 
10 2 8 1 5 0 2 3 6 7 4 
10 2 8 1 5 7 2 3 6 4 0 
10 3 7 1 5 7 2 4 3 6 0 
10 4 6 1 5 7 0 4 3 6 2 
10 4 6 1 5 7 2 4 3 0 6 
11 2 9 0 1 7 2 3 5 6 4 
11 3 8 1 0 5 2 3 6 7 4 
11 4 7 1 0 7 2 5 3 6 4 
11 3 8 1 5 2 0 3 6 7 4 
11 4 7 1 5 2 4 3 6 7 0 
10 5 5 1 5 2 4 3 6 0 7 
11 6 5 1 5 2 4 0 6 7 3 
11 4 7 1 5 7 0 2 3 6 4 
11 3 8 1 5 7 0 3 6 4 2 
11 2 9 1 7 0 2 3 5 6 4 
12 4 8 0 1 5 2 3 6 7 4 
12 5 7 0 5 2 1 3 6 7 4 
12 7 5 0 5 2 4 3 6 7 1 
12 6 6 0 5 7 2 4 3 6 1 
12 6 6 1 5 0 2 4 3 6 7 
12 6 6 1 5 0 4 3 6 2 7 
12 7 5 1 5 0 4 3 6 7 2 
12 6 6 1 5 2 4 3 0 6 7 
12 7 5 1 0 2 4 3 5 6 7 
12 7 5 1 5 2 4 0 3 6 7 
12 8 4 0 5 2 4 1 3 6 7 
12 4 8 1 5 7 2 0 6 4 3 
12 4 8 1 6 5 2 3 0 7 4 
13 5 8 0 1 7 2 5 3 6 4 
13 7 6 0 5 2 4 1 6 7 3 
13 5 8 0 5 7 2 3 6 4 1 
13 5 8 1 3 7 2 5 0 6 4 
12 6 6 1 3 7 2 0 5 6 4 
12 6 6 1 3 7 2 5 6 0 4 
12 7 5 1 3 0 2 5 6 7 4 
12 7 5 1 3 7 2 5 6 4 0 
13 8 5 1 0 3 2 5 6 7 4 
13 9 4 0 1 3 2 5 6 7 4 
13 8 5 1 3 2 0 5 6 7 4 
13 9 4 1 3 2 4 5 6 7 0 
12 10 2 1 3 2 4 5 6 0 7 
13 11 2 1 3 2 4 0 6 7 5 
13 8 5 1 3 7 0 5 6 4 2 
13 5 8 1 5 0 2 3 6 4 7 
13 5 8 1 5 0 2 4 3 7 6 
13 6 7 1 5 2 3 0 6 7 4 
13 7 6 0 5 2 3 1 6 7 4 
13 7 6 1 5 2 3 6 0 7 4 
13 7 6 1 5 2 4 6 0 7 3 
13 9 4 1 5 2 4 7 3 6 0 
13 6 7 1 5 2 7 3 6 0 4 
13 5 8 1 5 7 2 4 0 3 6 
13 9 4 1 6 3 2 5 0 7 4 
13 5 8 1 6 5 2 0 3 7 4 
13 5 8 1 6 5 2 3 7 0 4 
13 5 8 1 7 0 2 5 3 6 4 
13 3 10 1 7 2 0 3 5 6 4 
13 4 9 1 7 2 4 3 5 6 0 
10 5 5 1 7 2 4 3 5 0 6 
11 6 5 1 7 2 4 0 5 6 3 
12 7 5 0 7 2 4 3 5 6 1 
12 7 5 1 7 0 4 3 5 6 2 
13 7 6 0 7 2 4 1 5 6 3 
13 6 7 1 7 0 4 3 5 2 6 
13 6 7 1 7 2 4 3 0 5 6 
13 7 6 1 0 2 4 3 7 5 6 
13 7 6 1 7 2 4 0 3 5 6 
13 8 5 0 7 2 4 1 3 5 6 
13 7 6 1 7 2 4 5 0 6 3 
13 3 10 1 7 6 2 3 5 0 4 
13 3 10 3 1 7 2 0 5 6 4 
12 4 8 3 1 7 2 5 0 6 4 
12 5 7 3 0 7 2 5 1 6 4 
12 5 7 3 1 7 2 5 6 0 4 
12 6 6 3 1 0 2 5 6 7 4 
12 6 6 3 1 7 2 5 6 4 0 
13 7 6 3 0 1 2 5 6 7 4 
13 7 6 3 1 2 0 5 6 7 4 
13 8 5 3 1 2 4 5 6 7 0 
12 9 3 3 1 2 4 5 6 0 7 
13 10 3 3 1 2 4 0 6 7 5 
13 7 6 3 1 7 0 5 6 4 2 
13 5 8 3 1 7 2 4 5 6 0 
14 9 5 0 1 2 3 5 6 7 4 
14 11 3 0 1 2 4 5 6 7 3 
14 8 6 0 3 1 2 5 6 7 4 
14 10 4 0 3 2 1 5 6 7 4 
14 12 2 0 3 2 4 5 6 7 1 
14 7 7 0 3 7 2 1 5 6 4 
14 5 9 0 5 7 2 1 6 4 3 
14 6 8 0 6 5 2 1 3 7 4 
14 5 9 0 7 2 1 3 5 6 4 
14 10 4 1 0 2 4 5 3 6 7 
14 8 6 1 0 2 4 5 7 6 3 
14 12 2 1 3 0 4 5 6 7 2 
14 9 5 1 3 7 2 0 6 4 5 
14 5 9 1 5 0 7 2 3 6 4 
14 4 10 1 5 0 7 3 6 4 2 
14 10 4 1 5 2 0 4 3 6 7 
14 10 4 1 5 2 0 7 3 6 4 
14 8 6 1 5 2 3 4 6 7 0 
14 10 4 1 5 2 4 7 3 0 6 
14 5 9 1 5 7 2 6 0 4 3 
14 5 9 1 5 7 4 2 3 6 0 
11 6 5 1 5 7 4 2 3 0 6 
12 7 5 1 5 7 4 0 3 6 2 
13 8 5 0 5 7 4 2 3 6 1 
13 8 5 1 5 0 4 2 3 6 7 
14 7 7 1 5 0 4 2 3 7 6 
14 7 7 1 5 7 4 2 0 3 6 
14 10 4 1 6 3 2 0 5 7 4 
14 10 4 1 6 3 2 5 7 0 4 
14 8 6 1 7 2 4 5 6 0 3 
14 9 5 1 7 2 4 6 3 5 0 
14 10 4 1 7 2 0 6 3 5 4 
14 10 4 1 7 2 4 6 3 0 5 
14 4 10 1 7 6 2 3 0 5 4 
14 5 9 1 0 6 2 3 7 5 4 
14 5 9 1 7 6 2 0 3 5 4 
14 6 8 0 7 6 2 1 3 5 4 
14 4 10 1 7 6 2 3 5 4 0 
14 5 9 1 7 6 0 3 5 4 2 
14 4 10 2 1 7 0 3 5 6 4 
14 5 9 2 1 0 7 3 5 6 4 
14 5 9 2 1 7 4 3 5 6 0 
11 6 5 2 1 7 4 3 5 0 6 
12 7 5 2 1 7 4 0 5 6 3 
13 8 5 0 1 7 4 3 5 6 2 
13 8 5 2 1 0 4 3 5 6 7 
14 8 6 0 1 7 4 2 5 6 3 
14 7 7 2 1 0 4 3 5 7 6 
14 7 7 2 1 7 4 3 0 5 6 
14 8 6 2 0 7 4 3 1 5 6 
14 8 6 2 1 7 4 0 3 5 6 
14 9 5 0 1 7 4 2 3 5 6 
14 8 6 2 1 7 4 5 0 6 3 
14 6 8 3 0 7 2 1 5 6 4 
14 11 3 3 1 0 4 5 6 7 2 
14 5 9 3 1 5 2 0 6 7 4 
13 6 7 3 1 5 2 6 0 7 4 
14 7 7 3 1 5 2 4 6 7 0 
14 6 8 3 1 7 0 2 5 6 4 
14 7 7 3 1 0 7 2 5 6 4 
14 6 8 3 1 7 0 4 5 6 2 
14 8 6 3 1 7 2 0 6 4 5 
14 6 8 3 1 7 2 4 5 0 6 
14 7 7 3 1 7 4 2 5 6 0 
14 8 6 3 6 1 2 5 0 7 4 
14 3 11 5 0 7 2 1 3 6 4 
14 4 10 5 3 7 2 1 0 6 4 
12 5 7 5 3 7 2 0 1 6 4 
12 5 7 5 3 7 2 1 6 0 4 
13 6 7 5 3 0 2 1 6 7 4 
13 6 7 5 3 7 2 1 6 4 0 
14 6 8 0 3 7 2 5 1 6 4 
14 7 7 5 0 3 2 1 6 7 4 
14 8 6 0 5 3 2 1 6 7 4 
14 7 7 5 3 2 0 1 6 7 4 
14 8 6 5 3 2 4 1 6 7 0 
13 9 4 5 3 2 4 1 6 0 7 
14 10 4 5 3 2 4 0 6 7 1 
14 7 7 5 3 7 0 1 6 4 2 
14 8 6 5 6 3 2 1 0 7 4 
14 4 10 5 7 0 2 1 3 6 4 
15 8 7 0 1 2 4 3 5 6 7 
15 9 6 0 1 7 2 5 6 4 3 
15 8 7 0 1 7 3 2 5 6 4 
15 11 4 0 3 2 4 1 6 7 5 
15 9 6 0 3 2 5 1 6 7 4 
15 10 5 0 3 7 2 5 6 4 1 
15 6 9 0 5 7 1 2 3 6 4 
15 5 10 0 5 7 1 3 6 4 2 
15 8 7 0 5 7 4 1 3 6 2 
15 9 6 1 0 2 3 5 6 7 4 
15 8 7 1 0 2 3 6 5 7 4 
15 9 6 1 0 2 4 5 6 7 3 
15 8 7 1 0 2 4 6 5 7 3 
15 10 5 1 0 2 4 7 3 5 6 
15 9 6 1 0 2 4 7 5 6 3 
15 7 8 1 0 5 2 4 3 6 7 
15 8 7 0 1 5 2 4 3 6 7 
15 6 9 1 0 5 7 2 3 6 4 
15 7 8 0 1 5 7 2 3 6 4 
15 6 9 1 0 7 2 4 5 3 6 
15 6 9 1 0 7 2 6 5 4 3 
15 10 5 1 2 0 3 5 6 7 4 
15 8 7 1 2 0 4 3 5 6 7 
15 10 5 1 2 0 4 5 6 7 3 
15 11 4 1 2 3 0 5 6 7 4 
14 12 2 1 2 3 4 5 6 7 0 
