0 0 0 1 5 7 2 3 0 6 4 
7 1 6 1 0 7 2 3 5 6 4 
7 1 6 1 5 7 2 0 3 6 4 
7 1 6 1 5 7 2 3 6 0 4 
8 2 6 0 1 7 2 3 5 6 4 
8 2 6 0 5 7 2 1 3 6 4 
8 2 6 1 5 0 2 3 6 7 4 
8 3 5 1 0 5 2 3 6 7 4 
8 3 5 1 5 2 0 3 6 7 4 
8 2 6 1 5 7 2 3 6 4 0 
8 3 5 1 5 7 0 3 6 4 2 
8 2 6 1 7 0 2 3 5 6 4 
9 4 5 0 1 5 2 3 6 7 4 
9 4 5 1 5 2 4 3 6 7 0 
8 5 3 1 5 2 4 3 6 0 7 
9 6 3 1 5 2 4 0 6 7 3 
9 4 5 1 5 7 2 0 6 4 3 
9 3 6 1 5 7 2 4 3 6 0 
9 4 5 1 5 7 0 4 3 6 2 
9 4 5 1 5 7 2 4 3 0 6 
9 4 5 1 6 5 2 3 0 7 4 
9 3 6 1 7 2 0 3 5 6 4 
9 3 6 1 7 6 2 3 5 0 4 
10 5 5 0 5 2 1 3 6 7 4 
10 7 3 0 5 2 4 3 6 7 1 
10 5 5 0 5 7 2 3 6 4 1 
10 4 6 1 0 7 2 5 3 6 4 
10 5 5 1 5 0 2 3 6 4 7 
10 7 3 1 5 0 4 3 6 7 2 
10 4 6 1 5 0 7 3 6 4 2 
10 4 6 1 5 7 0 2 3 6 4 
10 5 5 1 5 0 7 2 3 6 4 
10 6 4 1 0 5 7 2 3 6 4 
10 7 3 0 1 5 7 2 3 6 4 
10 7 3 1 3 5 7 2 0 6 4 
10 8 2 1 3 5 7 0 2 6 4 
10 8 2 1 3 5 7 2 6 0 4 
10 6 4 1 5 6 7 2 3 0 4 
10 5 5 1 5 7 4 2 3 6 0 
10 6 4 1 5 7 4 2 3 0 6 
10 4 6 1 7 2 4 3 5 6 0 
10 5 5 1 7 2 4 3 5 0 6 
10 3 7 3 1 7 2 0 5 6 4 
10 3 7 5 0 7 2 1 3 6 4 
11 5 6 0 1 7 2 5 3 6 4 
11 7 4 0 5 2 4 1 6 7 3 
11 6 5 0 5 7 1 2 3 6 4 
11 5 6 0 5 7 1 3 6 4 2 
11 5 6 0 5 7 2 1 6 4 3 
11 6 5 0 5 7 2 4 3 6 1 
11 5 6 0 7 2 1 3 5 6 4 
11 5 6 1 0 5 7 3 6 4 2 
11 6 5 0 1 5 7 3 6 4 2 
11 5 6 1 3 7 2 5 0 6 4 
11 6 5 1 3 7 2 0 5 6 4 
11 6 5 1 3 7 2 5 6 0 4 
11 6 5 1 5 0 2 4 3 6 7 
11 6 5 1 5 0 4 3 6 2 7 
11 5 6 1 5 0 7 4 3 6 2 
11 6 5 1 0 5 7 4 3 6 2 
11 7 4 0 1 5 7 4 3 6 2 
11 7 4 1 3 5 7 4 0 6 2 
11 8 3 1 3 5 7 0 4 6 2 
11 9 2 0 3 5 7 1 4 6 2 
11 8 3 1 3 5 7 4 6 0 2 
11 6 5 1 5 2 3 0 6 7 4 
11 6 5 1 5 2 4 3 0 6 7 
11 7 4 1 5 2 4 6 0 7 3 
11 6 5 1 5 2 7 3 6 0 4 
11 5 6 1 5 4 7 3 6 0 2 
11 6 5 1 5 6 7 4 3 0 2 
11 5 6 1 5 7 2 6 0 4 3 
11 7 4 1 5 7 4 0 3 6 2 
11 5 6 1 6 5 2 0 3 7 4 
11 5 6 1 6 5 2 3 7 0 4 
11 6 5 1 6 5 7 3 0 4 2 
11 5 6 1 7 0 2 5 3 6 4 
11 6 5 1 7 2 4 0 5 6 3 
11 4 7 1 7 6 2 3 0 5 4 
11 4 7 1 7 6 2 3 5 4 0 
11 5 6 1 7 6 0 3 5 4 2 
11 4 7 2 1 7 0 3 5 6 4 
11 4 7 2 5 7 0 1 3 6 4 
11 5 6 3 1 5 2 0 6 7 4 
11 4 7 3 1 7 2 5 0 6 4 
11 4 7 5 3 7 2 1 0 6 4 
11 5 6 5 3 7 2 0 1 6 4 
11 5 6 5 3 7 2 1 6 0 4 
11 4 7 5 7 0 2 1 3 6 4 
12 9 3 0 3 5 7 1 2 6 4 
12 7 5 0 3 7 2 1 5 6 4 
12 6 6 0 3 7 2 5 1 6 4 
12 7 5 0 5 2 3 1 6 7 4 
12 6 6 0 5 7 1 4 3 6 2 
12 8 4 0 5 7 4 2 3 6 1 
12 6 6 0 6 5 2 1 3 7 4 
12 7 5 0 7 2 4 3 5 6 1 
12 6 6 1 0 5 2 3 6 4 7 
12 7 5 1 0 5 4 3 6 2 7 
12 8 4 1 0 5 4 3 6 7 2 
12 5 7 1 0 6 2 3 7 5 4 
12 7 5 1 3 0 2 5 6 7 4 
12 8 4 1 0 3 2 5 6 7 4 
12 9 3 0 1 3 2 5 6 7 4 
12 9 3 1 3 0 7 2 6 5 4 
12 8 4 1 3 2 0 5 6 7 4 
12 10 2 1 3 5 7 2 4 6 0 
