0 0 0 1 5 7 2 3 0 6 4 
0 0 8 1 0 7 2 3 5 6 4 
0 0 8 1 5 7 2 0 3 6 4 
0 0 7 0 5 7 2 1 3 6 4 
0 0 7 1 0 7 2 5 3 6 4 
0 0 7 1 5 7 0 2 3 6 4 
0 0 7 1 5 7 2 4 3 6 0 
0 0 6 0 5 7 2 4 3 6 1 
0 0 6 1 5 0 2 4 3 6 7 
0 0 6 1 5 7 0 4 3 6 2 
0 0 6 1 5 7 2 4 3 0 6 
0 0 8 0 1 7 2 5 3 6 4 
0 0 8 1 0 5 2 4 3 6 7 
0 0 7 0 1 5 2 4 3 6 7 
0 0 7 1 3 5 2 4 0 6 7 
0 0 5 1 3 5 2 0 4 6 7 
0 0 4 0 3 5 2 1 4 6 7 
0 0 4 1 0 5 2 3 4 6 7 
0 0 4 1 3 5 0 2 4 6 7 
0 0 2 0 3 5 1 2 4 6 7 
0 0 2 1 3 0 5 2 4 6 7 
0 0 2 1 3 5 6 2 4 0 7 
0 0 2 1 3 5 7 2 4 6 0 
