0 0 0 2 0 5 6 1 7 3 4 
12 1 11 0 2 5 6 1 7 3 4 
12 2 10 1 2 5 6 0 7 3 4 
11 3 8 1 2 5 6 7 0 3 4 
12 4 8 1 0 5 6 7 2 3 4 
12 4 8 1 2 5 6 4 7 3 0 
12 4 8 1 2 5 6 7 3 0 4 
12 1 11 2 5 0 6 1 7 3 4 
12 1 11 2 7 5 6 1 0 3 4 
13 5 8 1 0 5 6 2 7 3 4 
13 5 8 1 2 5 0 4 7 3 6 
13 5 8 1 2 5 0 6 7 3 4 
13 6 7 1 2 0 5 6 7 3 4 
13 6 7 1 2 5 4 6 7 3 0 
12 7 5 1 2 5 4 6 7 0 3 
13 8 5 1 2 5 4 0 7 3 6 
13 5 8 1 2 5 6 4 7 0 3 
13 2 11 2 5 3 6 1 7 0 4 
12 3 9 2 5 3 6 1 0 7 4 
12 4 8 2 0 3 6 1 5 7 4 
12 4 8 2 5 3 6 0 1 7 4 
12 3 9 2 5 3 6 1 7 4 0 
13 5 8 0 2 3 6 1 5 7 4 
13 6 7 1 2 3 6 0 5 7 4 
12 7 5 1 2 3 6 5 0 7 4 
12 8 4 1 0 3 6 5 2 7 4 
12 8 4 1 2 3 6 5 7 0 4 
13 8 5 1 2 3 6 4 5 7 0 
13 5 8 2 3 0 6 1 5 7 4 
13 4 9 2 5 3 0 1 7 4 6 
13 2 11 2 5 6 0 1 7 3 4 
13 3 10 2 5 6 4 1 7 3 0 
12 4 8 2 5 6 4 1 7 0 3 
13 5 8 2 5 6 4 0 7 3 1 
13 2 11 2 7 5 6 0 1 3 4 
13 2 11 2 7 5 6 1 3 0 4 
13 3 10 6 2 5 0 1 7 3 4 
13 4 9 6 2 0 5 1 7 3 4 
13 4 9 6 2 5 4 1 7 3 0 
12 5 7 6 2 5 4 1 7 0 3 
13 6 7 6 2 5 4 0 7 3 1 
14 7 7 0 2 5 1 6 7 3 4 
14 7 7 0 2 5 4 1 7 3 6 
14 9 5 0 2 5 4 6 7 3 1 
14 5 9 0 5 3 6 2 1 7 4 
14 4 10 0 5 6 2 1 7 3 4 
14 6 8 0 5 6 4 1 7 3 2 
14 9 5 1 0 3 6 2 5 7 4 
14 9 5 1 2 0 4 6 7 3 5 
14 8 6 1 2 0 4 6 7 5 3 
14 6 8 1 2 0 5 4 7 3 6 
14 9 5 1 2 0 6 5 7 3 4 
14 5 9 1 2 0 6 7 3 5 4 
14 9 5 1 2 3 0 4 5 7 6 
14 9 5 1 2 3 0 6 5 7 4 
14 10 4 1 2 0 3 6 5 7 4 
14 10 4 1 2 3 4 6 5 7 0 
13 11 2 1 2 3 4 6 5 0 7 
14 12 2 1 2 3 4 0 5 7 6 
14 9 5 1 2 3 6 4 5 0 7 
14 9 5 1 2 3 6 5 7 4 0 
14 8 6 1 2 5 4 6 0 7 3 
14 5 9 1 2 5 6 7 3 4 0 
14 6 8 1 2 5 0 7 3 4 6 
14 5 9 2 5 0 3 1 7 4 6 
14 6 8 2 5 0 4 1 7 3 6 
14 5 9 2 5 3 6 0 7 4 1 
14 7 7 6 2 0 4 1 7 3 5 
14 7 7 6 2 3 0 1 5 7 4 
14 8 6 6 2 0 3 1 5 7 4 
14 8 6 6 2 3 4 1 5 7 0 
13 9 4 6 2 3 4 1 5 0 7 
14 10 4 6 2 3 4 0 5 7 1 
14 4 10 7 2 5 6 1 0 3 4 
15 9 6 0 1 3 6 5 2 7 4 
15 5 10 0 1 5 6 7 2 3 4 
15 11 4 0 2 3 1 6 5 7 4 
15 11 4 0 2 3 4 1 5 7 6 
15 13 2 0 2 3 4 6 5 7 1 
15 7 8 0 2 5 1 4 7 3 6 
15 7 8 0 2 5 6 4 7 3 1 
15 6 9 0 5 3 2 1 7 4 6 
15 6 9 0 5 3 6 1 7 4 2 
15 3 12 0 7 5 6 2 1 3 4 
15 7 8 1 0 2 5 6 7 3 4 
15 6 9 1 0 2 6 7 3 5 4 
15 9 6 1 0 5 4 6 2 7 3 
15 10 5 1 2 0 3 4 5 7 6 
15 13 2 1 2 0 4 6 5 7 3 
15 7 8 1 2 0 5 7 3 4 6 
15 7 8 1 2 0 6 4 7 3 5 
15 10 5 1 2 3 0 5 7 4 6 
15 7 8 1 2 3 5 6 7 0 4 
14 8 6 1 2 3 5 6 0 7 4 
14 9 5 1 0 3 5 6 2 7 4 
14 9 5 1 2 3 5 0 6 7 4 
14 10 4 0 2 3 5 1 6 7 4 
14 8 6 1 2 3 5 6 7 4 0 
15 9 6 1 2 3 0 6 7 4 5 
15 11 4 1 2 3 5 4 6 7 0 
15 8 7 1 2 5 3 6 7 0 4 
15 9 6 1 2 5 4 0 6 7 3 
15 10 5 0 2 5 4 1 6 7 3 
15 9 6 1 2 5 4 7 0 3 6 
15 7 8 1 2 5 6 0 3 4 7 
15 6 9 1 2 6 0 7 3 5 4 
15 7 8 1 2 6 4 7 3 5 0 
13 8 5 1 2 6 4 7 3 0 5 
14 9 5 1 2 6 4 0 3 5 7 
15 10 5 0 2 6 4 1 3 5 7 
15 10 5 0 2 6 4 7 3 5 1 
15 10 5 1 2 0 4 7 3 5 6 
15 10 5 1 2 6 4 3 0 5 7 
15 9 6 1 3 0 6 5 2 7 4 
15 5 10 1 5 0 6 7 2 3 4 
15 6 9 2 3 6 0 1 5 7 4 
15 7 8 2 3 6 4 1 5 7 0 
13 8 5 2 3 6 4 1 5 0 7 
14 9 5 2 3 0 4 1 5 6 7 
14 9 5 2 3 6 4 0 5 7 1 
14 9 5 2 3 6 4 1 0 5 7 
14 10 4 2 0 6 4 1 3 5 7 
14 10 4 2 3 6 4 0 1 5 7 
15 10 5 0 3 6 4 1 5 7 2 
15 10 5 2 0 3 4 1 5 6 7 
15 10 5 2 3 0 4 1 5 7 6 
15 10 5 2 3 4 0 1 5 6 7 
15 11 4 2 3 4 7 1 5 6 0 
14 12 2 2 3 4 7 1 5 0 6 
15 13 2 2 3 4 7 0 5 6 1 
15 6 9 2 3 7 6 1 5 0 4 
15 5 10 2 5 0 4 1 7 6 3 
15 6 9 2 5 0 6 1 7 4 3 
15 6 9 2 5 3 6 4 1 7 0 
15 5 10 2 5 6 1 0 7 3 4 
15 5 10 2 5 6 3 1 7 0 4 
15 6 9 2 5 0 3 1 7 6 4 
15 6 9 2 5 6 3 1 0 7 4 
15 6 9 2 5 6 3 1 7 4 0 
15 7 8 2 5 6 0 1 7 4 3 
15 5 10 2 5 6 4 1 0 7 3 
15 6 9 2 0 6 4 1 5 7 3 
15 6 9 2 5 6 4 0 1 7 3 
15 3 12 2 7 0 6 1 3 5 4 
15 3 12 2 7 5 6 1 3 4 0 
15 4 11 2 7 5 0 1 3 4 6 
15 8 7 5 2 3 6 1 0 7 4 
15 9 6 5 0 3 6 1 2 7 4 
15 9 6 5 2 3 6 0 1 7 4 
15 9 6 5 2 3 6 1 7 0 4 
15 5 10 6 0 2 5 1 7 3 4 
15 11 4 6 2 0 4 1 5 7 3 
15 6 9 6 2 0 4 1 7 5 3 
15 5 10 6 2 3 5 1 7 0 4 
14 6 8 6 2 3 5 1 0 7 4 
14 7 7 6 0 3 5 1 2 7 4 
14 7 7 6 2 3 5 0 1 7 4 
14 6 8 6 2 3 5 1 7 4 0 
15 7 8 6 2 3 0 1 7 4 5 
15 6 9 6 2 5 1 0 7 3 4 
15 6 9 6 2 5 3 1 7 0 4 
15 6 9 6 2 5 4 1 0 7 3 
15 7 8 6 0 5 4 1 2 7 3 
15 7 8 6 2 5 4 0 1 7 3 
15 5 10 7 0 5 6 1 2 3 4 
15 5 10 7 2 5 6 0 1 3 4 
15 5 10 7 2 5 6 1 3 0 4 
16 11 5 0 2 3 1 4 5 7 6 
16 8 8 0 2 3 5 6 1 7 4 
16 11 5 0 2 3 6 4 5 7 1 
16 8 8 0 2 5 1 7 3 4 6 
16 8 8 0 2 5 6 1 3 4 7 
16 8 8 0 2 5 6 7 3 4 1 
16 8 8 0 2 6 1 7 3 5 4 
16 7 9 0 2 6 4 1 5 7 3 
16 12 4 0 3 4 2 1 5 6 7 
16 14 2 0 3 4 7 1 5 6 2 
16 8 8 0 3 6 2 1 5 7 4 
16 11 5 0 3 6 4 2 1 5 7 
16 6 10 0 5 6 1 2 7 3 4 
16 6 10 0 5 6 4 2 7 3 1 
16 10 6 1 0 2 4 6 7 3 5 
16 9 7 1 0 2 4 6 7 5 3 
16 7 9 1 0 2 5 4 7 3 6 
16 12 4 1 0 3 5 2 6 7 4 
16 10 6 1 0 5 4 7 2 3 6 
16 11 5 1 2 0 3 5 7 4 6 
16 10 6 1 2 0 3 6 7 4 5 
16 9 7 1 2 0 3 6 7 5 4 
16 10 6 1 0 2 3 6 7 5 4 
16 12 4 1 2 0 4 6 5 3 7 
16 9 7 1 2 0 4 7 3 6 5 
16 10 6 1 2 0 6 4 5 3 7 
16 11 5 1 2 0 6 4 5 7 3 
16 6 10 1 2 0 6 4 7 5 3 
16 8 8 1 2 0 6 7 3 4 5 
16 12 4 1 2 3 0 4 6 7 5 
16 12 4 1 2 3 0 5 6 7 4 
15 13 2 1 2 0 3 5 6 7 4 
15 13 2 1 2 3 4 5 6 7 0 
