0 0 0 2 6 5 4 1 7 3 0 
17 1 16 2 6 5 0 1 7 3 4 
17 1 16 2 6 5 4 1 7 0 3 
18 2 16 2 6 5 4 0 7 3 1 
19 3 16 0 6 5 4 1 7 3 2 
19 3 16 2 6 0 4 1 7 3 5 
19 1 18 2 6 0 4 1 7 5 3 
19 1 18 2 6 5 4 1 0 7 3 
23 1 22 0 6 5 4 2 7 3 1 
23 1 22 2 6 5 4 7 0 3 1 
23 1 22 2 0 6 4 1 7 3 5 
25 1 24 2 6 0 5 1 7 3 4 
23 1 22 2 6 3 4 1 7 0 5 
23 1 22 2 6 4 0 1 7 3 5 
26 2 24 0 6 5 2 1 7 3 4 
25 3 22 2 0 5 4 6 7 3 1 
25 3 22 2 6 5 0 4 7 3 1 
27 3 24 2 6 5 1 0 7 3 4 
27 3 24 2 6 5 3 1 7 0 4 
29 1 28 1 6 5 4 0 7 3 2 
29 1 28 6 0 5 4 1 7 3 2 
30 2 28 4 6 5 0 1 7 3 2 
31 3 28 7 6 5 4 1 0 3 2 
19 1 18 2 0 5 4 1 6 7 3 
19 1 18 2 6 5 4 0 1 7 3 
15 1 14 2 6 3 4 1 0 7 5 
15 1 14 2 6 3 4 1 7 5 0 
23 1 22 2 0 6 4 1 7 5 3 
23 1 22 2 6 4 0 1 7 5 3 
19 1 18 2 6 0 3 1 7 5 4 
19 1 18 2 6 5 3 1 0 7 4 
19 1 18 2 6 5 3 1 7 4 0 
23 1 22 2 0 5 4 7 6 3 1 
23 1 22 2 6 5 4 7 3 0 1 
23 1 22 0 2 6 4 1 7 3 5 
23 1 22 2 6 4 5 1 7 3 0 
23 1 22 2 7 6 4 1 0 3 5 
23 1 22 0 2 5 4 6 7 3 1 
24 2 22 0 6 4 2 1 7 3 5 
23 1 22 2 5 0 4 6 7 3 1 
23 1 22 2 7 5 4 6 0 3 1 
23 1 22 0 6 5 1 2 7 3 4 
25 1 24 2 0 6 5 1 7 3 4 
25 1 24 2 6 3 5 1 7 0 4 
25 3 22 2 6 4 1 0 7 3 5 
25 3 22 2 6 4 3 1 7 0 5 
23 1 22 2 6 5 1 7 0 3 4 
25 1 24 2 6 0 5 4 7 3 1 
25 1 24 2 6 5 1 4 7 3 0 
26 2 24 0 6 5 2 4 7 3 1 
21 1 20 1 6 5 4 7 0 3 2 
25 3 22 2 0 5 1 6 7 3 4 
27 1 26 1 6 5 2 0 7 3 4 
22 2 20 1 6 5 4 2 7 3 0 
13 1 12 2 6 3 0 1 7 5 4 
27 3 24 2 6 5 3 4 7 0 1 
27 1 26 6 0 5 2 1 7 3 4 
29 1 28 6 0 5 4 2 7 3 1 
23 3 20 1 0 5 4 6 7 3 2 
23 3 20 1 6 5 0 4 7 3 2 
14 2 12 2 6 3 4 0 7 5 1 
30 2 28 4 6 5 0 2 7 3 1 
15 3 12 0 6 3 4 1 7 5 2 
15 1 14 2 0 3 4 1 6 7 5 
15 1 14 2 6 3 4 0 1 7 5 
29 3 26 7 6 5 2 1 0 3 4 
31 3 28 7 6 5 4 2 0 3 1 
19 1 18 0 2 5 4 1 6 7 3 
19 1 18 2 5 0 4 1 6 7 3 
25 1 24 7 0 5 4 1 6 3 2 
25 1 24 7 6 5 4 0 1 3 2 
25 1 24 7 6 5 4 1 3 0 2 
21 1 20 0 6 5 4 2 1 7 3 
22 2 20 2 6 5 4 3 1 7 0 
29 1 28 6 5 0 4 1 7 3 2 
29 1 28 6 7 5 4 1 0 3 2 
23 3 20 2 0 5 4 6 1 7 3 
23 3 20 2 6 5 0 4 1 7 3 
29 1 28 4 6 0 5 1 7 3 2 
29 1 28 4 6 5 2 1 7 3 0 
17 1 16 2 6 5 0 1 7 4 3 
31 3 28 4 6 5 1 0 7 3 2 
31 3 28 4 6 5 3 1 7 0 2 
18 2 16 2 6 5 3 0 7 4 1 
23 1 22 0 2 6 4 1 7 5 3 
19 3 16 0 6 5 3 1 7 4 2 
19 1 18 2 0 5 3 1 6 7 4 
19 3 16 2 6 0 3 1 7 4 5 
23 1 22 2 6 4 3 1 7 5 0 
17 1 16 2 6 4 5 1 7 0 3 
19 1 18 2 6 5 3 0 1 7 4 
23 1 22 2 7 6 4 1 0 5 3 
24 2 22 0 6 4 2 1 7 5 3 
18 2 16 2 6 4 5 0 7 3 1 
19 3 16 0 6 4 5 1 7 3 2 
17 1 16 2 6 3 5 1 0 7 4 
17 1 16 2 6 3 5 1 7 4 0 
25 3 22 2 6 4 1 0 7 5 3 
17 1 16 2 6 4 3 1 0 7 5 
15 1 14 1 6 5 0 2 7 3 4 
15 1 14 1 6 5 4 2 7 0 3 
21 1 20 2 6 0 4 7 3 5 1 
17 1 16 2 6 5 1 4 7 0 3 
21 1 20 2 6 5 4 7 3 1 0 
23 1 22 2 0 6 3 1 7 5 4 
15 1 14 0 2 3 4 1 6 7 5 
23 1 22 0 2 5 4 7 6 3 1 
19 3 16 0 6 5 1 4 7 3 2 
17 3 14 1 6 0 4 2 7 3 5 
15 1 14 2 3 0 4 1 6 7 5 
23 1 22 2 5 0 4 7 6 3 1 
19 3 16 2 6 0 1 4 7 3 5 
21 1 20 0 6 4 1 2 7 3 5 
19 1 18 1 0 5 4 7 6 3 2 
23 1 22 1 2 6 4 0 7 3 5 
19 1 18 1 6 5 4 7 3 0 2 
21 1 20 2 6 4 1 7 0 3 5 
23 1 22 2 7 6 4 0 1 3 5 
23 1 22 2 7 6 4 1 3 0 5 
17 1 16 0 6 3 4 2 1 7 5 
19 1 18 1 6 5 2 7 0 3 4 
23 1 22 2 5 3 4 6 7 0 1 
23 1 22 2 5 4 0 6 7 3 1 
19 1 18 2 6 0 3 4 7 5 1 
22 2 20 2 6 4 1 5 7 3 0 
19 1 18 2 6 5 3 4 0 7 1 
19 1 18 2 6 5 3 4 7 1 0 
23 1 22 2 7 5 4 0 6 3 1 
23 1 22 2 7 5 4 6 3 0 1 
24 2 22 4 2 6 0 1 7 3 5 
23 1 22 6 2 5 4 0 7 3 1 
19 1 18 0 6 3 4 2 7 5 1 
20 2 18 1 6 5 2 4 7 3 0 
23 3 20 2 0 4 1 6 7 3 5 
23 1 22 2 0 5 1 7 6 3 4 
18 2 16 2 6 3 4 5 1 7 0 
19 1 18 2 6 3 4 7 0 5 1 
23 1 22 2 6 5 1 7 3 0 4 
24 2 22 4 2 5 0 6 7 3 1 
25 3 22 7 2 6 4 1 0 3 5 
21 3 18 1 0 5 2 6 7 3 4 
19 3 16 2 0 3 4 6 1 7 5 
19 3 16 2 6 3 0 4 1 7 5 
25 3 22 7 2 5 4 6 0 3 1 
21 1 20 0 1 5 4 6 7 3 2 
23 1 22 0 2 5 1 6 7 3 4 
25 1 24 0 2 6 5 1 7 3 4 
22 2 20 0 6 3 2 1 7 5 4 
21 1 20 1 5 0 4 6 7 3 2 
21 1 20 1 6 0 5 4 7 3 2 
21 1 20 1 7 5 4 6 0 3 2 
21 3 18 2 0 3 4 6 7 5 1 
23 1 22 2 5 0 1 6 7 3 4 
21 3 18 2 6 3 0 4 7 5 1 
15 1 14 2 6 5 0 3 1 7 4 
15 1 14 2 6 5 4 3 1 0 7 
23 1 22 2 7 5 1 6 0 3 4 
25 1 24 2 7 6 5 1 0 3 4 
25 1 24 6 0 5 1 2 7 3 4 
19 1 18 1 2 5 4 0 6 7 3 
27 1 26 1 6 4 2 0 7 3 5 
25 1 24 2 0 6 5 4 7 3 1 
19 1 18 2 5 4 0 1 6 7 3 
19 1 18 2 5 7 4 1 6 0 3 
23 3 20 2 6 3 1 0 7 5 4 
25 1 24 2 6 3 5 4 7 0 1 
27 1 26 6 0 4 2 1 7 3 5 
17 3 14 0 6 5 4 3 1 7 2 
23 3 20 1 6 5 3 4 7 0 2 
17 3 14 2 6 0 4 3 1 7 5 
20 2 18 4 2 5 0 1 6 7 3 
27 3 24 7 6 5 1 2 0 3 4 
21 3 18 6 2 5 4 1 0 7 3 
23 1 22 7 0 5 2 1 6 3 4 
29 3 26 7 6 4 2 1 0 3 5 
23 1 22 7 6 5 2 0 1 3 4 
23 1 22 7 6 5 2 1 3 0 4 
25 1 24 1 6 3 4 0 7 5 2 
25 1 24 6 0 3 4 1 7 5 2 
27 1 26 6 5 0 2 1 7 3 4 
27 1 26 6 7 5 2 1 0 3 4 
25 1 24 7 0 5 4 2 6 3 1 
25 1 24 7 6 5 4 0 2 3 1 
25 1 24 7 6 5 4 2 3 0 1 
16 2 14 2 6 4 3 0 7 5 1 
26 2 24 4 6 3 0 1 7 5 2 
29 1 28 4 6 5 2 0 7 3 1 
29 1 28 6 0 5 2 4 7 3 1 
23 1 22 7 6 0 4 1 3 5 2 
23 1 22 7 6 5 4 1 3 2 0 
21 1 20 0 2 5 4 6 1 7 3 
17 3 14 0 6 4 3 1 7 5 2 
21 1 20 2 1 5 4 6 0 7 3 
21 1 20 2 5 0 4 6 1 7 3 
15 1 14 2 6 3 0 1 7 4 5 
21 1 20 4 6 5 2 1 7 0 3 
29 1 28 6 5 0 4 2 7 3 1 
29 1 28 6 7 5 4 2 0 3 1 
27 3 24 7 6 3 4 1 0 5 2 
25 1 24 0 7 5 4 1 6 3 2 
16 2 14 2 6 3 5 0 7 4 1 
29 1 28 4 6 0 5 2 7 3 1 
29 1 28 4 6 5 1 2 7 3 0 
25 1 24 7 5 0 4 1 6 3 2 
31 3 28 7 6 5 2 4 0 3 1 
19 1 18 0 2 5 3 1 6 7 4 
17 3 14 0 6 3 5 1 7 4 2 
17 1 16 2 0 3 5 1 6 7 4 
17 1 16 2 0 4 3 1 6 7 5 
19 1 18 2 5 0 3 1 6 7 4 
19 1 18 2 6 0 5 1 7 4 3 
23 1 22 2 6 0 5 4 1 7 3 
11 1 10 2 6 3 0 5 1 7 4 
11 1 10 2 6 3 4 5 1 0 7 
17 1 16 2 6 3 5 0 1 7 4 
17 1 16 2 6 4 3 0 1 7 5 
19 1 18 2 6 4 5 1 0 7 3 
23 1 22 2 6 5 3 4 1 7 0 
23 3 20 4 6 0 2 1 7 3 5 
24 2 22 0 6 5 2 4 1 7 3 
27 1 26 0 6 5 4 7 1 3 2 
15 1 14 1 2 3 4 0 6 7 5 
17 1 16 1 6 0 4 2 7 5 3 
17 1 16 1 6 5 4 2 0 7 3 
15 1 14 2 3 4 0 1 6 7 5 
15 1 14 2 3 7 4 1 6 0 5 
31 3 28 4 6 5 3 2 7 0 1 
25 1 24 6 7 5 4 0 1 3 2 
25 1 24 6 7 5 4 1 3 0 2 
13 3 10 0 6 3 4 5 1 7 2 
21 1 20 0 6 5 3 2 1 7 4 
15 1 14 1 2 6 4 7 0 3 5 
13 3 10 2 6 0 4 5 1 7 3 
25 3 22 2 6 5 7 4 1 0 3 
16 2 14 4 2 3 0 1 6 7 5 
23 1 22 4 6 0 3 1 7 5 2 
23 1 22 4 6 5 3 1 0 7 2 
23 1 22 4 6 5 3 1 7 2 0 
27 1 26 6 0 5 4 2 1 7 3 
28 2 26 7 6 5 4 2 1 3 0 
23 1 22 0 6 5 3 2 7 4 1 
11 1 10 1 2 5 4 6 0 7 3 
16 2 14 1 2 6 4 5 7 3 0 
19 1 18 1 6 0 5 2 7 3 4 
15 1 14 2 5 3 4 6 0 7 1 
15 1 14 2 5 3 4 6 7 1 0 
19 1 18 2 6 0 1 4 7 5 3 
15 1 14 2 6 4 0 5 7 3 1 
15 1 14 2 6 4 1 5 7 0 3 
19 1 18 2 6 5 0 7 3 1 4 
19 1 18 2 6 5 1 4 0 7 3 
23 1 22 2 6 5 3 7 0 4 1 
28 2 26 4 6 5 0 2 1 7 3 
17 3 14 6 2 3 4 1 0 7 5 
29 3 26 7 0 5 4 6 1 3 2 
29 3 26 7 6 5 0 4 1 3 2 
21 1 20 0 6 4 1 2 7 5 3 
17 3 14 1 0 6 4 2 7 3 5 
12 2 10 1 2 5 4 3 6 7 0 
17 3 14 1 2 6 0 4 7 3 5 
23 1 22 1 2 6 4 0 7 5 3 
17 1 16 1 6 0 4 7 3 5 2 
15 1 14 1 6 5 2 4 7 0 3 
17 1 16 1 6 5 4 7 3 2 0 
23 3 20 2 0 5 3 6 1 7 4 
23 1 22 2 0 6 3 1 7 4 5 
21 1 20 2 6 4 1 7 0 5 3 
20 2 18 2 6 5 4 0 3 1 7 
23 1 22 2 7 6 4 0 1 5 3 
23 1 22 2 7 6 4 1 5 0 3 
17 3 14 0 6 4 1 5 7 3 2 
23 1 22 0 6 4 5 2 7 3 1 
26 2 24 0 6 5 2 1 7 4 3 
21 3 18 0 6 5 4 7 3 1 2 
17 1 16 1 0 5 2 7 6 3 4 
13 3 10 1 0 5 4 2 6 7 3 
13 3 10 1 2 5 0 4 6 7 3 
17 1 16 1 6 5 2 7 3 0 4 
21 3 18 1 6 5 3 2 7 0 4 
25 3 22 2 0 5 3 6 7 4 1 
17 3 14 2 6 0 1 5 7 3 4 
21 3 18 2 6 0 4 7 3 1 5 
22 2 20 2 6 4 1 3 7 5 0 
23 1 22 2 6 4 5 7 0 3 1 
25 3 22 2 6 5 0 3 7 4 1 
17 1 16 2 6 5 0 4 7 1 3 
24 2 22 4 2 6 0 1 7 5 3 
29 1 28 6 5 3 4 1 7 0 2 
29 1 28 6 5 4 0 1 7 3 2 
19 1 18 0 1 5 4 7 6 3 2 
19 1 18 1 5 0 4 7 6 3 2 
17 3 14 1 6 0 2 4 7 3 5 
25 1 24 1 6 5 3 0 7 4 2 
23 3 20 2 0 4 1 6 7 5 3 
27 3 24 2 6 5 1 0 7 4 3 
18 2 16 2 6 5 3 0 7 1 4 
29 1 28 4 0 6 5 1 7 3 2 
29 1 28 4 6 3 5 1 7 0 2 
27 1 26 4 6 5 1 7 0 3 2 
25 1 24 6 0 5 3 1 7 4 2 
25 3 22 7 2 6 4 1 0 5 3 
17 1 16 0 2 3 4 6 1 7 5 
19 3 16 0 6 5 3 4 7 1 2 
21 1 20 1 6 3 4 2 7 0 5 
21 1 20 1 6 4 0 2 7 3 5 
25 3 22 2 0 4 5 6 7 3 1 
19 1 18 2 0 5 3 4 6 7 1 
17 1 16 2 1 3 4 6 0 7 5 
17 1 16 2 3 0 4 6 1 7 5 
19 3 16 2 6 0 3 4 7 1 5 
19 1 18 2 6 5 3 0 4 7 1 
26 2 24 3 6 5 0 1 7 4 2 
23 1 22 0 2 6 3 1 7 5 4 
7 1 6 1 2 3 4 6 0 7 5 
15 1 14 1 6 0 3 4 7 5 2 
15 1 14 1 6 5 3 4 0 7 2 
15 1 14 1 6 5 3 4 7 2 0 
17 1 16 1 7 5 4 0 6 3 2 
17 1 16 1 7 5 4 6 3 0 2 
19 1 18 2 0 3 4 7 6 5 1 
21 1 20 2 0 4 1 7 6 3 5 
17 1 16 2 6 0 4 3 1 5 7 
19 1 18 2 6 3 4 7 5 0 1 
21 1 20 2 6 4 1 7 3 0 5 
17 1 16 2 6 5 4 3 0 1 7 
21 1 20 2 7 0 4 1 3 6 5 
23 1 22 2 7 6 3 1 0 5 4 
21 1 20 2 7 6 4 1 3 5 0 
29 3 26 4 0 5 1 6 7 3 2 
27 3 24 7 6 5 3 1 0 4 2 
19 1 18 0 1 5 2 6 7 3 4 
8 2 6 1 2 3 4 5 6 7 0 
