0 0 0 3 6 1 2 0 5 7 4 
8 1 7 0 6 1 2 3 5 7 4 
8 1 7 3 6 1 2 5 0 7 4 
8 2 6 3 0 1 2 5 6 7 4 
8 2 6 3 6 1 2 5 7 0 4 
9 3 6 0 3 1 2 5 6 7 4 
9 3 6 3 1 0 2 5 6 7 4 
9 2 7 3 6 1 2 4 5 7 0 
10 3 7 3 0 1 2 6 5 7 4 
10 4 6 3 1 2 0 5 6 7 4 
10 5 5 3 1 2 4 5 6 7 0 
9 6 3 3 1 2 4 5 6 0 7 
10 7 3 3 1 2 4 0 6 7 5 
10 4 6 3 1 7 2 5 6 0 4 
10 3 7 3 6 0 2 5 7 1 4 
10 3 7 3 6 1 0 2 5 7 4 
10 3 7 3 6 1 0 4 5 7 2 
10 3 7 3 6 1 2 4 5 0 7 
10 3 7 3 6 1 2 5 7 4 0 
10 4 6 5 3 1 2 0 6 7 4 
11 6 5 0 1 2 3 5 6 7 4 
11 8 3 0 1 2 4 5 6 7 3 
11 5 6 2 3 1 0 5 6 7 4 
11 6 5 2 3 0 1 5 6 7 4 
11 6 5 2 3 1 4 5 6 7 0 
10 7 3 2 3 1 4 5 6 0 7 
11 8 3 2 3 1 4 0 6 7 5 
11 8 3 3 1 0 4 5 6 7 2 
11 5 6 3 1 7 2 5 0 6 4 
11 5 6 3 1 7 2 5 6 4 0 
11 4 7 3 6 0 2 4 5 1 7 
11 4 7 3 6 1 0 5 7 4 2 
11 4 7 3 6 1 2 4 0 5 7 
11 5 6 3 0 1 2 4 6 5 7 
11 5 6 3 6 1 2 0 4 5 7 
11 6 5 0 6 1 2 3 4 5 7 
11 5 6 5 3 1 2 6 0 7 4 
11 2 9 6 0 1 2 3 5 7 4 
12 6 6 0 3 1 2 4 6 5 7 
12 4 8 0 3 1 2 6 5 7 4 
12 9 3 0 3 1 4 5 6 7 2 
12 5 7 0 6 1 2 4 5 7 3 
12 9 3 2 3 0 4 5 6 7 1 
12 3 9 2 6 1 0 3 5 7 4 
12 4 8 2 6 0 1 3 5 7 4 
12 4 8 2 6 1 4 3 5 7 0 
11 5 6 2 6 1 4 3 5 0 7 
12 6 6 2 6 1 4 0 5 7 3 
12 6 6 3 1 0 2 4 6 5 7 
12 4 8 3 1 0 2 6 5 7 4 
12 7 5 3 1 0 4 5 6 2 7 
12 7 5 3 1 2 4 5 0 6 7 
12 7 5 3 1 2 5 0 6 7 4 
12 7 5 3 1 2 7 5 6 0 4 
12 6 6 3 1 7 0 5 6 4 2 
12 4 8 3 5 1 2 6 0 7 4 
12 4 8 3 6 0 1 2 5 7 4 
12 5 7 3 6 0 2 4 5 7 1 
12 5 7 3 6 1 2 0 7 4 5 
12 7 5 3 6 1 2 7 4 5 0 
12 4 8 3 6 1 4 2 5 7 0 
11 5 6 3 6 1 4 2 5 0 7 
12 6 6 3 6 0 4 2 5 1 7 
12 6 6 3 6 1 4 0 5 7 2 
12 6 6 3 6 1 4 2 0 5 7 
12 7 5 3 0 1 4 2 6 5 7 
12 7 5 3 6 1 4 0 2 5 7 
12 7 5 4 3 1 2 0 6 5 7 
12 6 6 5 3 1 2 4 6 7 0 
12 5 7 6 3 1 2 0 5 7 4 
12 6 6 6 3 1 2 5 0 7 4 
13 8 5 0 1 2 4 3 6 7 5 
13 8 5 0 3 1 4 2 6 5 7 
13 6 7 0 6 1 2 5 7 4 3 
13 5 8 0 6 1 3 2 5 7 4 
13 7 6 0 6 1 4 2 5 7 3 
13 7 6 0 6 1 4 3 5 7 2 
13 7 6 1 0 2 3 5 6 7 4 
13 8 5 1 2 0 3 5 6 7 4 
13 9 4 1 2 3 0 5 6 7 4 
12 10 2 1 2 3 4 5 6 7 0 
