0 0 0 5 4 6 0 7 1 3 2 
0 0 28 0 4 6 5 7 1 3 2 
0 0 28 5 4 0 6 7 1 3 2 
0 0 28 5 0 4 6 7 1 3 2 
0 0 28 0 5 4 6 7 1 3 2 
0 0 28 1 5 4 6 7 0 3 2 
0 0 18 1 0 4 6 7 5 3 2 
0 0 18 1 5 4 6 0 7 3 2 
0 0 18 1 5 4 6 7 3 0 2 
0 0 16 1 5 0 6 7 3 4 2 
0 0 16 1 5 4 6 7 3 2 0 
0 0 14 0 5 4 6 7 3 2 1 
0 0 14 1 5 0 6 7 3 2 4 
0 0 14 1 5 4 0 7 3 2 6 
0 0 14 1 5 4 6 0 3 2 7 
0 0 16 0 5 4 1 7 3 2 6 
0 0 16 1 5 0 4 7 3 2 6 
0 0 16 1 0 5 4 7 3 2 6 
0 0 16 0 1 5 4 7 3 2 6 
0 0 16 1 3 5 4 7 0 2 6 
0 0 8 1 3 5 4 0 7 2 6 
0 0 8 1 3 5 4 7 2 0 6 
0 0 6 1 3 0 4 7 2 5 6 
0 0 6 1 3 5 4 7 2 6 0 
0 0 4 0 3 5 4 7 2 6 1 
0 0 4 1 3 0 4 7 2 6 5 
0 0 4 1 3 5 0 7 2 6 4 
0 0 4 1 3 5 4 0 2 6 7 
0 0 8 0 3 5 1 7 2 6 4 
0 0 8 1 3 0 5 7 2 6 4 
0 0 8 1 3 5 6 7 2 0 4 
0 0 8 1 3 0 6 7 2 5 4 
0 0 8 1 3 5 6 7 0 2 4 
0 0 8 1 3 5 6 7 2 4 0 
0 0 6 0 3 5 6 7 2 4 1 
0 0 6 1 3 0 6 7 2 4 5 
0 0 6 1 3 5 0 7 2 4 6 
0 0 6 1 3 5 6 0 2 4 7 
0 0 8 0 3 5 1 7 2 4 6 
0 0 8 1 3 0 5 7 2 4 6 
0 0 8 1 3 5 7 0 2 4 6 
0 0 6 0 3 5 7 1 2 4 6 
0 0 6 1 0 5 7 3 2 4 6 
0 0 6 1 3 5 7 2 0 4 6 
0 0 4 1 0 5 7 2 3 4 6 
0 0 4 1 3 5 7 2 4 0 6 
0 0 2 1 3 0 7 2 4 5 6 
0 0 2 1 3 5 7 2 4 6 0 
