0 0 0 6 1 0 3 5 4 2 7 
8 1 7 6 0 1 3 5 4 2 7 
8 1 7 6 1 2 3 5 4 0 7 
8 1 7 6 1 3 0 5 4 2 7 
8 2 6 6 1 3 7 5 4 2 0 
8 3 5 6 1 3 7 5 4 0 2 
9 3 6 0 1 3 6 5 4 2 7 
9 2 7 0 6 1 3 5 4 2 7 
9 2 7 6 1 2 3 5 0 4 7 
9 2 7 6 1 2 3 5 4 7 0 
8 3 5 6 1 2 0 5 4 7 3 
9 4 5 6 1 2 3 0 4 7 5 
9 4 5 6 1 3 7 0 4 2 5 
9 2 7 6 4 1 3 5 0 2 7 
10 5 5 0 1 2 3 5 4 7 6 
10 5 5 0 1 3 7 5 4 2 6 
10 4 6 1 0 3 6 5 4 2 7 
10 5 5 1 3 0 6 5 4 2 7 
10 5 5 1 4 3 6 5 0 2 7 
10 4 6 5 1 3 6 0 4 2 7 
10 3 7 5 6 1 3 0 4 2 7 
10 3 7 6 0 2 3 5 1 4 7 
10 4 6 6 1 0 2 5 4 7 3 
10 5 5 6 1 0 3 5 4 7 2 
10 5 5 6 1 0 7 5 4 2 3 
10 4 6 6 1 0 7 5 4 3 2 
10 3 7 6 1 2 3 0 5 4 7 
10 4 6 6 1 3 2 5 4 0 7 
10 4 6 6 1 3 5 0 4 2 7 
10 4 6 6 1 3 7 5 0 4 2 
10 3 7 6 4 1 3 0 5 2 7 
10 3 7 6 4 1 3 5 2 0 7 
11 5 6 0 1 2 6 5 4 7 3 
11 5 6 0 1 3 7 6 4 2 5 
11 4 7 0 6 2 3 5 1 4 7 
11 6 5 1 3 2 6 5 4 0 7 
11 6 5 1 3 6 0 5 4 2 7 
11 6 5 1 4 3 6 0 5 2 7 
11 6 5 1 4 3 6 5 2 0 7 
11 4 7 3 6 1 0 5 4 2 7 
11 4 7 5 6 1 3 4 0 2 7 
11 5 6 6 0 1 2 5 4 7 3 
11 5 6 6 0 1 7 5 4 3 2 
11 5 6 6 0 3 7 5 1 4 2 
11 5 6 6 1 0 2 5 4 3 7 
11 5 6 6 1 3 2 5 0 4 7 
11 5 6 6 1 3 2 5 4 7 0 
10 6 4 6 1 3 0 5 4 7 2 
11 7 4 6 1 3 2 0 4 7 5 
11 5 6 6 1 3 7 0 5 4 2 
11 5 6 6 1 3 7 4 0 2 5 
11 5 6 6 1 7 0 5 4 3 2 
11 5 6 6 1 7 2 5 4 0 3 
11 4 7 6 2 0 3 5 1 4 7 
11 5 6 6 2 3 0 5 1 4 7 
11 6 5 6 2 3 7 5 1 4 0 
11 7 4 6 2 3 7 5 1 0 4 
11 5 6 6 2 4 3 5 1 0 7 
11 4 7 6 4 0 3 5 2 1 7 
11 4 7 6 4 1 3 5 2 7 0 
10 5 5 6 4 1 0 5 2 7 3 
11 6 5 6 4 1 3 0 2 7 5 
12 5 7 0 1 2 3 6 4 7 5 
12 4 8 0 1 2 3 6 5 4 7 
12 8 4 0 1 3 2 5 4 7 6 
12 5 7 0 1 3 5 6 4 2 7 
12 7 5 0 2 3 6 5 1 4 7 
12 7 5 0 4 1 3 5 2 7 6 
12 4 8 0 4 1 3 6 5 2 7 
12 6 6 0 6 1 2 5 4 7 3 
12 6 6 0 6 1 7 5 4 3 2 
12 6 6 0 6 3 7 5 1 4 2 
12 6 6 1 0 2 3 5 4 7 6 
12 6 6 1 0 2 6 5 4 7 3 
12 6 6 1 0 3 7 5 4 2 6 
12 6 6 1 0 3 7 6 4 2 5 
12 7 5 1 2 0 3 5 4 7 6 
12 7 5 1 2 0 6 5 4 7 3 
12 8 4 1 2 3 0 5 4 7 6 
12 9 3 1 2 3 6 5 4 7 0 
12 10 2 1 2 3 6 5 4 0 7 
12 8 4 1 2 6 0 5 4 7 3 
12 8 4 1 2 7 3 5 4 0 6 
12 8 4 1 2 7 6 5 4 0 3 
12 7 5 1 3 0 7 5 4 2 6 
12 7 5 1 3 0 7 6 4 2 5 
12 7 5 1 3 2 6 5 0 4 7 
12 7 5 1 3 2 6 5 4 7 0 
12 8 4 1 3 2 0 5 4 7 6 
12 8 4 1 3 2 7 5 4 0 6 
12 8 4 1 3 2 7 6 4 0 5 
12 7 5 1 3 6 7 5 4 2 0 
11 8 3 1 3 6 7 5 4 0 2 
12 9 3 1 3 6 7 0 4 2 5 
12 8 4 1 3 7 0 5 4 2 6 
12 8 4 1 3 7 0 6 4 2 5 
12 7 5 1 4 0 6 5 2 3 7 
12 7 5 1 4 2 3 5 0 7 6 
12 7 5 1 4 2 6 5 0 7 3 
12 7 5 1 4 3 6 5 2 7 0 
11 8 3 1 4 3 0 5 2 7 6 
12 9 3 1 4 3 6 0 2 7 5 
12 7 5 1 4 3 7 5 0 2 6 
12 7 5 1 4 3 7 6 0 2 5 
12 5 7 3 6 0 1 5 4 2 7 
12 5 7 3 6 1 7 5 4 2 0 
11 6 5 3 6 1 7 5 4 0 2 
12 7 5 3 6 1 7 0 4 2 5 
12 6 6 4 1 3 6 5 0 2 7 
12 5 7 4 6 1 3 5 0 2 7 
12 6 6 5 1 2 3 0 4 7 6 
12 6 6 5 1 2 6 0 4 7 3 
12 5 7 5 1 3 6 4 0 2 7 
12 6 6 5 1 3 7 0 4 2 6 
12 5 7 5 6 1 3 7 4 2 0 
12 6 6 5 6 1 0 7 4 2 3 
12 6 6 5 6 1 3 7 4 0 2 
12 5 7 5 6 2 3 0 1 4 7 
12 6 6 6 0 1 3 5 4 7 2 
12 6 6 6 0 1 7 5 4 2 3 
12 6 6 6 0 3 2 5 1 4 7 
12 5 7 6 0 4 3 5 2 1 7 
12 5 7 6 1 2 3 4 0 7 5 
12 6 6 6 1 2 5 0 4 7 3 
12 6 6 6 1 2 7 5 4 0 3 
12 6 6 6 1 3 2 0 5 4 7 
12 5 7 6 1 3 5 4 0 2 7 
12 6 6 6 1 7 0 5 4 2 3 
12 6 6 6 1 7 3 5 4 0 2 
12 8 4 6 2 3 7 0 1 4 5 
12 6 6 6 2 4 3 5 0 1 7 
12 6 6 6 2 4 3 5 1 7 0 
11 7 4 6 2 4 0 5 1 7 3 
12 8 4 6 2 4 3 0 1 7 5 
12 6 6 6 3 0 7 5 1 4 2 
12 6 6 6 4 0 1 5 2 7 3 
12 7 5 6 4 0 3 5 2 7 1 
12 6 6 6 4 1 2 5 0 7 3 
12 6 6 6 4 1 7 5 0 3 2 
12 5 7 6 4 3 0 5 2 1 7 
12 6 6 6 4 3 7 5 2 1 0 
12 7 5 6 4 3 7 5 2 0 1 
13 8 5 0 1 3 6 5 4 7 2 
13 6 7 0 1 3 7 6 5 4 2 
13 10 3 0 2 3 1 5 4 7 6 
13 9 4 0 2 3 7 5 1 4 6 
13 9 4 0 2 4 3 5 1 7 6 
13 8 5 0 3 6 1 5 4 2 7 
13 10 3 0 3 6 7 5 4 2 1 
13 7 6 0 4 1 6 5 2 7 3 
13 7 6 0 4 3 6 1 5 2 7 
13 7 6 0 4 3 6 5 2 1 7 
13 10 3 0 4 3 6 5 2 7 1 
13 7 6 0 6 1 3 5 4 7 2 
13 8 5 0 6 1 7 5 4 2 3 
13 7 6 0 6 3 2 5 1 4 7 
13 6 7 0 6 4 3 5 2 1 7 
13 6 7 1 0 2 3 6 4 7 5 
13 5 8 1 0 2 3 6 5 4 7 
13 6 7 1 0 3 5 6 4 2 7 
13 7 6 1 2 0 3 6 4 7 5 
13 6 7 1 2 0 3 6 5 4 7 
13 8 5 1 2 3 0 6 4 7 5 
13 7 6 1 2 3 0 6 5 4 7 
13 9 4 1 2 3 5 6 4 7 0 
13 10 3 1 2 3 5 6 4 0 7 
13 11 2 1 2 3 6 0 4 7 5 
13 8 5 1 2 3 7 6 5 4 0 
13 9 4 1 2 3 7 6 5 0 4 
13 7 6 1 2 4 3 6 5 0 7 
13 9 4 1 2 6 3 5 4 7 0 
13 10 3 1 2 6 3 5 4 0 7 
13 8 5 1 2 7 3 6 4 0 5 
13 7 6 1 3 0 5 6 4 2 7 
13 9 4 1 3 0 7 5 4 6 2 
13 10 3 1 0 3 7 5 4 6 2 
13 8 5 1 3 2 5 6 4 0 7 
13 9 4 1 3 2 6 0 4 7 5 
13 9 4 1 3 2 7 5 0 4 6 
13 9 4 1 3 2 7 5 4 6 0 
12 10 2 1 3 2 0 5 4 6 7 
13 11 2 1 3 2 7 0 4 6 5 
13 9 4 1 3 2 7 6 0 4 5 
13 9 4 1 3 2 7 6 4 5 0 
13 10 3 1 3 2 0 6 4 5 7 
13 8 5 1 3 5 0 6 4 2 7 
13 9 4 1 3 5 7 6 4 2 0 
12 10 2 1 3 5 7 6 4 0 2 
13 11 2 1 3 5 7 0 4 2 6 
13 9 4 1 3 6 7 5 0 4 2 
13 10 3 1 3 7 0 5 4 6 2 
13 9 4 1 4 0 3 5 2 7 6 
13 10 3 1 4 0 6 5 2 7 3 
13 8 5 1 4 2 3 0 5 7 6 
13 8 5 1 4 2 3 5 7 0 6 
13 7 6 1 4 2 3 6 0 7 5 
13 8 5 1 4 2 6 0 5 7 3 
13 8 5 1 4 2 6 5 7 0 3 
13 7 6 1 4 3 5 6 0 2 7 
13 8 5 1 4 3 7 0 5 2 6 
13 8 5 1 4 3 7 5 2 0 6 
13 6 7 1 5 2 3 6 0 4 7 
13 8 5 2 0 3 6 5 1 4 7 
13 6 7 3 0 6 1 5 4 2 7 
13 7 6 3 1 2 0 5 4 7 6 
13 7 6 3 6 0 7 5 4 1 2 
13 8 5 3 6 0 7 5 4 2 1 
13 7 6 3 6 1 7 5 0 4 2 
13 6 7 3 6 2 0 5 1 4 7 
13 6 7 3 6 2 1 5 4 0 7 
13 6 7 4 0 1 3 5 6 2 7 
13 7 6 0 4 1 3 5 6 2 7 
13 5 8 4 0 1 3 6 5 2 7 
13 7 6 4 0 3 6 5 1 2 7 
13 7 6 4 1 0 3 5 6 2 7 
13 7 6 4 1 3 6 0 5 2 7 
13 7 6 4 1 3 6 5 2 0 7 
13 6 7 4 6 1 3 0 5 2 7 
13 6 7 4 6 1 3 5 2 0 7 
13 5 8 5 0 1 3 4 6 2 7 
13 6 7 0 5 1 3 4 6 2 7 
13 6 7 5 0 1 3 6 4 2 7 
13 6 7 5 0 3 6 4 1 2 7 
13 6 7 5 1 0 3 4 6 2 7 
13 6 7 5 1 3 6 4 2 0 7 
13 6 7 5 1 3 6 7 4 2 0 
13 7 6 5 1 3 0 7 4 2 6 
13 7 6 5 1 3 6 7 4 0 2 
13 7 6 5 1 3 7 4 0 2 6 
13 8 5 5 2 3 6 0 1 4 7 
13 6 7 5 6 1 0 3 4 2 7 
13 7 6 5 6 1 2 0 4 7 3 
13 5 8 5 6 1 3 4 2 0 7 
13 7 6 5 6 1 7 0 4 3 2 
13 7 6 5 6 3 7 0 1 4 2 
13 6 7 6 0 1 2 5 4 3 7 
13 6 7 6 0 2 3 4 1 7 5 
13 6 7 6 0 3 5 4 1 2 7 
13 7 6 6 0 3 7 1 4 2 5 
13 6 7 6 0 3 7 4 1 2 5 
13 7 6 6 0 4 1 5 2 7 3 
13 6 7 6 1 2 0 5 4 3 7 
13 6 7 6 1 2 3 4 7 0 5 
13 5 8 6 1 2 3 7 5 4 0 
13 6 7 6 1 2 0 7 5 4 3 
13 6 7 6 1 2 3 7 5 0 4 
13 7 6 6 1 2 7 5 0 4 3 
13 7 6 6 1 2 7 5 4 3 0 
13 7 6 6 1 3 0 7 4 2 5 
13 6 7 6 1 3 5 4 2 0 7 
13 6 7 6 1 3 5 7 4 2 0 
13 7 6 6 1 3 5 7 4 0 2 
13 6 7 6 1 3 7 4 2 0 5 
13 6 7 6 1 7 2 5 0 4 3 
13 6 7 6 1 7 2 5 4 3 0 
13 9 4 6 2 0 3 5 1 7 4 
13 8 5 6 2 0 4 5 1 7 3 
13 9 4 6 0 2 4 5 1 7 3 
13 8 5 6 2 0 7 5 1 3 4 
13 9 4 6 2 0 7 5 1 4 3 
13 8 5 6 2 3 4 5 1 0 7 
13 9 4 6 2 0 4 5 1 3 7 
13 9 4 6 2 3 4 5 0 1 7 
13 9 4 6 2 3 4 5 1 7 0 
12 10 2 6 2 3 0 5 1 7 4 
13 11 2 6 2 3 4 0 1 7 5 
13 8 5 6 2 3 5 0 1 4 7 
13 8 5 6 2 3 7 5 0 1 4 
13 7 6 6 2 4 3 0 5 1 7 
13 9 4 6 2 7 4 5 1 0 3 
13 7 6 6 3 0 2 5 1 4 7 
13 7 6 6 3 4 7 5 1 0 2 
13 7 6 6 3 7 0 5 1 4 2 
13 7 6 6 4 1 2 0 5 7 3 
13 7 6 6 4 1 2 5 7 0 3 
13 7 6 6 4 1 3 5 0 7 2 
13 5 8 6 4 1 3 7 5 2 0 
13 6 7 6 4 1 0 7 5 2 3 
13 6 7 6 4 1 3 7 5 0 2 
13 7 6 6 4 1 7 5 0 2 3 
13 8 5 6 4 3 7 0 2 1 5 
13 7 6 6 4 7 1 5 2 0 3 
13 7 6 7 1 3 0 5 4 2 6 
13 7 6 7 1 3 0 6 4 2 5 
14 7 7 0 1 2 5 6 4 7 3 
14 8 6 0 1 3 2 6 4 7 5 
14 7 7 0 1 3 2 6 5 4 7 
14 7 7 0 1 7 6 5 4 3 2 
14 10 4 0 2 3 1 6 4 7 5 
14 9 5 0 2 3 1 6 5 4 7 
14 12 2 0 2 3 4 5 1 7 6 
14 12 2 0 2 3 6 5 4 7 1 
14 9 5 0 2 4 6 5 1 7 3 
14 10 4 0 2 6 1 5 4 7 3 
14 10 4 0 3 2 6 5 4 7 1 
14 12 2 0 3 2 7 5 4 6 1 
14 10 4 0 3 5 1 6 4 2 7 
14 12 2 0 3 5 7 6 4 2 1 
14 10 4 0 3 6 7 1 4 2 5 
14 7 7 0 4 1 3 6 2 7 5 
14 10 4 0 4 3 1 5 2 7 6 
14 8 6 0 4 3 6 5 1 2 7 
14 9 5 0 4 3 7 5 2 1 6 
14 7 7 0 5 1 3 6 4 2 7 
14 7 7 0 5 3 6 4 1 2 7 
14 7 7 0 6 1 2 5 4 3 7 
14 8 6 0 6 1 3 7 4 2 5 
14 8 6 0 6 1 7 3 4 2 5 
14 7 7 0 6 2 3 4 1 7 5 
14 7 7 0 6 3 5 4 1 2 7 
14 8 6 0 6 3 7 1 4 2 5 
14 7 7 0 6 3 7 4 1 2 5 
14 8 6 0 6 4 1 5 2 7 3 
14 8 6 1 0 2 6 5 3 4 7 
14 9 5 1 0 3 2 5 4 7 6 
14 9 5 1 0 3 6 5 4 7 2 
14 7 7 1 0 3 7 6 5 4 2 
14 8 6 1 0 4 6 5 2 3 7 
14 11 3 1 2 3 5 0 4 7 6 
14 10 4 1 2 3 7 0 5 4 6 
14 11 3 1 2 3 7 5 4 0 6 
14 8 6 1 2 4 3 6 0 5 7 
14 8 6 1 2 4 3 6 5 7 0 
13 9 4 1 2 4 0 6 5 7 3 
14 10 4 1 2 4 3 0 5 7 6 
14 11 3 1 2 6 3 0 4 7 5 
14 9 5 1 2 7 3 5 0 4 6 
14 9 5 1 2 7 3 5 4 6 0 
14 10 4 1 2 7 0 5 4 6 3 
14 9 5 1 2 7 6 5 0 4 3 
14 9 5 1 2 7 6 5 4 3 0 
14 10 4 1 2 7 0 5 4 3 6 
14 9 5 1 3 0 2 5 4 7 6 
14 10 4 1 3 0 6 5 4 7 2 
14 11 3 1 3 0 7 6 4 5 2 
14 8 6 1 3 0 7 6 5 4 2 
14 9 5 1 3 2 5 6 0 4 7 
14 9 5 1 3 2 5 6 4 7 0 
14 10 4 1 3 2 0 6 4 7 5 
14 8 6 1 3 2 6 0 5 4 7 
14 11 3 1 3 2 7 0 4 5 6 
14 9 5 1 3 4 7 6 5 0 2 
14 11 3 1 3 5 7 6 0 4 2 
14 9 5 1 3 6 2 5 4 0 7 
14 9 5 1 3 6 5 0 4 2 7 
14 10 4 1 3 6 7 4 0 2 5 
14 9 5 1 3 7 0 6 5 4 2 
14 9 5 1 3 7 5 6 4 2 0 
14 10 4 1 3 7 5 6 4 0 2 
14 9 5 1 3 7 6 5 4 2 0 
14 10 4 1 3 7 6 5 4 0 2 
14 9 5 1 4 0 7 5 2 3 6 
14 8 6 1 4 2 3 0 6 7 5 
14 9 5 0 4 2 3 1 6 7 5 
14 8 6 1 4 2 3 6 7 0 5 
14 10 4 1 4 3 2 5 0 7 6 
14 8 6 1 4 3 5 0 6 2 7 
14 9 5 0 4 3 5 1 6 2 7 
14 8 6 1 4 3 5 6 2 0 7 
14 10 4 1 4 3 6 5 0 7 2 
14 8 6 1 4 3 6 7 5 2 0 
14 9 5 1 4 3 0 7 5 2 6 
14 9 5 1 4 3 6 7 5 0 2 
14 8 6 1 4 3 7 0 6 2 5 
14 9 5 0 4 3 7 1 6 2 5 
14 9 5 1 4 3 7 5 2 6 0 
14 10 4 1 4 3 0 5 2 6 7 
14 8 6 1 4 3 7 6 2 0 5 
14 8 6 1 4 6 0 5 2 3 7 
14 7 7 1 5 2 3 0 6 4 7 
14 8 6 0 5 2 3 1 6 4 7 
14 7 7 1 5 2 3 6 4 0 7 
14 8 6 1 5 0 3 6 4 2 7 
14 8 6 1 5 2 3 6 4 7 0 
14 9 5 1 5 2 0 6 4 7 3 
14 8 6 1 5 3 7 6 0 4 2 
14 7 7 1 6 2 3 5 0 4 7 
14 8 6 1 0 2 3 5 6 4 7 
14 9 5 0 1 2 3 5 6 4 7 
14 9 5 1 2 0 3 5 6 4 7 
14 10 4 1 2 3 0 5 6 4 7 
14 11 3 1 2 3 7 5 6 4 0 
14 12 2 1 2 3 7 5 6 0 4 
14 10 4 1 2 4 3 5 6 0 7 
14 8 6 1 6 2 3 0 5 4 7 
14 8 6 1 6 2 3 5 4 0 7 
14 8 6 2 6 1 0 5 4 7 3 
14 8 6 3 0 6 7 5 4 1 2 
14 8 6 3 1 0 2 5 4 7 6 
14 7 7 3 1 2 0 6 4 7 5 
14 6 8 3 1 2 0 6 5 4 7 
14 8 6 3 1 2 6 5 4 7 0 
14 9 5 3 1 2 6 5 4 0 7 
14 6 8 3 4 1 0 6 5 2 7 
14 7 7 3 4 6 1 5 0 2 7 
14 7 7 3 6 0 2 5 1 4 7 
14 7 7 3 6 1 2 5 4 0 7 
14 7 7 3 6 1 5 0 4 2 7 
14 8 6 3 6 1 7 4 0 2 5 
14 7 7 3 6 2 1 5 0 4 7 
14 7 7 3 6 2 1 5 4 7 0 
13 8 5 3 6 2 0 5 4 7 1 
14 9 5 3 6 2 1 0 4 7 5 
14 7 7 3 6 2 7 5 1 4 0 
14 8 6 3 6 2 7 5 1 0 4 
14 8 6 3 6 7 0 5 4 1 2 
14 8 6 4 0 1 3 5 2 7 6 
14 8 6 4 0 1 6 5 2 7 3 
14 8 6 4 0 3 6 5 2 1 7 
14 6 8 4 1 0 3 6 5 2 7 
14 8 6 4 1 0 6 5 2 3 7 
14 8 6 4 1 2 3 5 0 7 6 
14 8 6 4 1 2 3 5 6 0 7 
14 8 6 4 1 2 6 5 0 7 3 
14 8 6 4 1 3 0 5 6 2 7 
14 8 6 4 1 3 6 5 2 7 0 
13 9 4 4 1 3 0 5 2 7 6 
14 10 4 4 1 3 6 0 2 7 5 
14 8 6 4 1 3 7 5 0 2 6 
14 9 5 4 1 3 7 5 6 2 0 
14 10 4 4 1 3 7 5 6 0 2 
14 8 6 4 1 3 7 6 0 2 5 
14 8 6 4 3 0 6 5 1 2 7 
14 7 7 4 5 1 3 0 6 2 7 
14 6 8 4 5 1 3 6 0 2 7 
14 7 7 4 6 0 3 5 2 1 7 
14 7 7 4 6 1 3 5 2 7 0 
13 8 5 4 6 1 0 5 2 7 3 
14 9 5 4 6 1 3 0 2 7 5 
14 7 7 5 0 3 6 1 4 2 7 
14 7 7 5 1 0 3 6 4 2 7 
14 7 7 5 1 0 6 4 2 3 7 
14 7 7 5 1 2 3 4 0 7 6 
14 7 7 5 1 2 3 4 6 0 7 
14 7 7 5 1 2 6 4 0 7 3 
14 7 7 5 1 3 0 4 6 2 7 
14 7 7 5 1 3 0 6 4 2 7 
14 9 5 5 1 3 2 0 4 7 6 
14 9 5 5 1 3 6 0 4 7 2 
14 7 7 5 1 3 6 4 2 7 0 
13 8 5 5 1 3 0 4 2 7 6 
14 9 5 5 1 3 6 0 2 7 4 
14 8 6 5 1 3 7 4 6 2 0 
14 9 5 5 1 3 7 4 6 0 2 
14 8 6 5 1 3 7 6 4 2 0 
14 9 5 5 1 3 7 6 4 0 2 
14 7 7 5 3 0 6 4 1 2 7 
14 8 6 5 4 1 3 0 2 7 6 
14 8 6 5 4 1 3 0 6 2 7 
14 7 7 5 4 1 3 6 0 2 7 
14 8 6 5 4 1 6 0 2 7 3 
14 8 6 5 4 3 6 0 2 1 7 
14 7 7 5 6 0 1 3 4 2 7 
14 7 7 5 6 0 1 7 4 2 3 
14 6 8 5 6 0 3 4 2 1 7 
14 7 7 5 6 0 3 7 4 1 2 
14 8 6 5 6 0 3 7 4 2 1 
14 8 6 5 6 1 3 0 4 7 2 
14 6 8 5 6 1 3 4 2 7 0 
13 7 6 5 6 1 0 4 2 7 3 
14 8 6 5 6 1 3 0 2 7 4 
14 7 7 5 6 1 3 7 0 4 2 
14 7 7 5 6 1 7 3 4 2 0 
13 8 5 5 6 1 7 3 4 0 2 
14 9 5 5 6 1 7 0 4 2 3 
14 8 6 5 6 1 7 4 0 3 2 
14 6 8 5 6 2 3 1 0 4 7 
14 8 6 5 6 3 2 0 1 4 7 
14 7 7 5 6 4 3 0 2 1 7 
14 6 8 6 0 1 3 4 5 2 7 
14 7 7 6 0 2 3 1 4 7 5 
14 6 8 6 0 2 3 1 5 4 7 
14 10 4 6 0 3 4 5 2 1 7 
14 7 7 6 0 3 5 1 4 2 7 
14 9 5 6 0 3 7 5 2 1 4 
14 8 6 6 0 4 3 5 2 7 1 
14 7 7 6 0 7 2 5 1 4 3 
14 7 7 6 1 0 5 4 2 3 7 
14 7 7 6 1 0 7 4 2 3 5 
14 7 7 6 1 2 0 3 4 7 5 
14 6 8 6 1 2 0 3 5 4 7 
14 7 7 6 1 2 5 4 0 7 3 
14 9 5 6 1 2 7 0 4 3 5 
14 8 6 6 1 3 2 4 0 7 5 
14 9 5 6 1 3 5 0 4 7 2 
14 7 7 6 1 3 5 4 2 7 0 
13 8 5 6 1 3 0 4 2 7 5 
14 9 5 6 1 3 5 0 2 7 4 
14 7 7 6 1 3 7 2 5 4 0 
13 8 5 6 1 3 0 2 5 4 7 
13 8 5 6 1 3 7 2 5 0 4 
14 7 7 6 1 3 7 4 2 5 0 
14 8 6 6 1 3 0 4 2 5 7 
14 8 6 6 1 7 2 0 4 3 5 
14 7 7 6 1 7 2 0 5 4 3 
14 7 7 6 1 7 3 5 0 4 2 
14 7 7 6 1 7 3 5 4 2 0 
14 7 7 6 2 0 3 4 1 7 5 
14 8 6 6 2 3 0 4 1 7 5 
14 10 4 6 2 3 4 0 5 1 7 
14 9 5 6 2 3 5 4 1 7 0 
14 10 4 6 2 3 5 4 1 0 7 
14 9 5 6 2 3 7 0 5 1 4 
14 8 6 6 2 4 1 5 0 7 3 
14 9 5 6 2 4 1 0 5 7 3 
14 9 5 6 2 4 1 5 7 0 3 
14 8 6 6 2 7 3 4 1 0 5 
14 7 7 6 3 0 5 4 1 2 7 
14 8 6 6 3 0 7 1 4 2 5 
14 7 7 6 3 0 7 4 1 2 5 
14 9 5 6 3 2 7 1 4 0 5 
14 8 6 6 3 2 7 4 1 0 5 
14 8 6 6 3 4 7 5 0 1 2 
14 8 6 6 3 4 7 5 1 2 0 
14 9 5 6 3 4 0 5 1 2 7 
14 9 5 6 3 7 0 1 4 2 5 
14 8 6 6 3 7 0 4 1 2 5 
14 9 5 6 4 0 7 5 2 1 3 
14 8 6 6 4 0 7 5 2 3 1 
14 6 8 6 4 1 0 3 5 2 7 
14 7 7 6 4 1 2 5 0 3 7 
14 8 6 6 4 1 3 0 5 7 2 
14 7 7 6 4 1 3 2 0 7 5 
14 8 6 6 4 1 3 5 7 0 2 
14 8 6 6 4 1 5 0 2 7 3 
14 7 7 6 4 1 7 0 5 3 2 
14 8 6 6 4 1 7 5 2 0 3 
14 7 7 6 4 1 7 5 3 0 2 
14 8 6 6 4 3 0 5 2 7 1 
14 8 6 6 4 3 1 5 2 0 7 
14 9 5 6 4 3 1 5 2 7 0 
14 8 6 6 4 3 5 0 2 1 7 
14 8 6 6 4 3 7 1 0 2 5 
14 8 6 6 4 3 7 5 0 2 1 
14 8 6 6 4 7 3 5 2 0 1 
14 8 6 7 1 0 3 5 4 2 6 
14 8 6 7 1 3 6 5 4 2 0 
14 9 5 7 1 3 6 5 4 0 2 
14 8 6 7 6 1 0 5 4 3 2 
14 8 6 7 6 3 0 5 1 4 2 
15 8 7 0 1 2 3 7 5 4 6 
15 9 6 0 1 2 6 5 3 4 7 
15 8 7 0 1 2 6 5 4 3 7 
15 10 5 0 1 2 7 5 4 3 6 
15 10 5 0 1 3 4 5 6 2 7 
15 10 5 0 1 3 5 4 2 7 6 
15 9 6 0 1 3 5 4 6 2 7 
15 9 6 0 1 3 5 7 4 2 6 
15 10 5 0 1 3 6 4 2 7 5 
15 8 7 0 1 3 6 4 5 2 7 
15 11 4 0 1 3 6 5 2 7 4 
15 9 6 0 1 3 6 7 4 2 5 
15 10 5 0 1 3 7 2 5 4 6 
15 11 4 0 1 3 7 5 4 6 2 
15 9 6 0 1 4 6 5 2 3 7 
15 9 6 0 1 7 2 5 4 3 6 
15 8 7 0 1 7 6 5 4 2 3 
15 12 3 0 2 3 1 5 6 4 7 
15 9 6 0 2 3 5 6 1 4 7 
15 12 3 0 2 3 5 6 4 7 1 
15 10 5 0 2 3 6 4 1 7 5 
15 9 6 0 2 3 7 6 1 4 5 
15 11 4 0 2 3 7 6 5 4 1 
15 9 6 0 2 4 3 6 1 7 5 
15 8 7 0 2 4 3 6 5 1 7 
15 11 4 0 2 4 3 6 5 7 1 
15 12 3 0 2 6 3 5 4 7 1 
15 10 5 0 3 2 1 5 4 7 6 
15 10 5 0 3 2 6 1 4 7 5 
15 9 6 0 3 2 6 1 5 4 7 
15 12 3 0 3 2 7 1 4 6 5 
15 12 3 0 3 2 7 6 4 5 1 
15 12 3 0 3 5 7 1 4 2 6 
15 10 5 0 3 6 5 1 4 2 7 
15 9 6 0 3 6 7 5 4 1 2 
15 10 5 0 3 7 1 5 4 2 6 
15 10 5 0 3 7 1 6 4 2 5 
15 8 7 0 4 1 2 6 5 7 3 
15 8 7 0 4 1 3 7 5 2 6 
15 8 7 0 4 1 7 6 5 3 2 
15 9 6 0 4 2 3 1 5 7 6 
15 9 6 0 4 2 6 1 5 7 3 
15 10 5 0 4 3 6 1 2 7 5 
15 9 6 0 4 3 7 1 5 2 6 
15 8 7 0 5 3 6 1 4 2 7 
15 9 6 0 6 1 3 4 2 7 5 
15 7 8 0 6 1 3 4 5 2 7 
15 10 5 0 6 1 3 5 2 7 4 
15 8 7 0 6 1 5 3 4 2 7 
15 8 7 0 6 1 5 7 4 2 3 
15 10 5 0 6 2 1 5 4 7 3 
15 8 7 0 6 2 3 1 4 7 5 
15 7 8 0 6 2 3 1 5 4 7 
15 10 5 0 6 2 4 5 1 7 3 
15 8 7 0 6 3 5 1 4 2 7 
15 9 6 0 6 4 3 5 2 7 1 
15 8 7 0 6 7 2 5 1 4 3 
15 8 7 1 0 2 5 6 4 7 3 
15 10 5 1 0 2 7 5 3 4 6 
15 10 5 1 0 2 7 6 3 4 5 
15 9 6 1 0 3 2 6 4 7 5 
15 8 7 1 0 3 2 6 5 4 7 
15 11 4 1 0 3 4 5 6 2 7 
15 9 6 1 0 3 6 4 5 2 7 
15 10 5 1 0 4 3 5 2 7 6 
15 9 6 1 0 4 3 6 2 5 7 
15 9 6 1 0 5 3 6 4 2 7 
15 10 5 0 1 5 3 6 4 2 7 
15 10 5 1 0 6 7 5 3 4 2 
15 10 5 1 0 7 3 5 2 4 6 
15 10 5 1 0 7 6 5 2 4 3 
15 8 7 1 0 7 6 5 4 3 2 
15 11 4 1 2 0 3 6 5 7 4 
15 10 5 1 2 0 4 6 5 7 3 
15 11 4 1 0 2 4 6 5 7 3 
15 12 3 1 2 0 5 6 4 7 3 
15 9 6 1 2 0 6 5 3 4 7 
15 11 4 1 2 0 6 5 4 3 7 
15 10 5 1 2 0 7 6 5 3 4 
15 11 4 1 2 0 7 6 5 4 3 
15 10 5 1 2 3 4 6 5 0 7 
15 11 4 1 2 0 4 6 5 3 7 
15 11 4 1 2 3 4 6 0 5 7 
15 11 4 1 2 3 4 6 5 7 0 
14 12 2 1 2 3 0 6 5 7 4 
15 13 2 1 2 3 4 0 5 7 6 
15 10 5 1 2 3 6 0 5 4 7 
15 10 5 1 2 3 6 5 0 4 7 
15 11 4 1 0 3 6 5 2 4 7 
15 13 2 1 2 3 7 0 6 4 5 
15 10 5 1 2 3 7 6 0 5 4 
15 11 4 1 2 3 7 6 4 0 5 
15 9 6 1 2 4 3 0 6 5 7 
15 10 5 0 2 4 3 1 6 5 7 
15 11 4 1 2 4 3 5 0 6 7 
15 11 4 1 2 4 3 5 6 7 0 
14 12 2 1 2 4 0 5 6 7 3 
15 13 2 1 2 4 3 0 6 7 5 
15 9 6 1 2 4 6 5 0 3 7 
15 10 5 1 2 4 6 0 5 3 7 
15 10 5 1 2 4 6 5 3 0 7 
15 10 5 1 2 6 0 5 3 4 7 
15 11 4 1 2 6 5 0 4 7 3 
15 11 4 1 2 6 7 5 4 0 3 
15 11 4 1 2 7 3 0 4 6 5 
15 10 5 1 2 7 3 0 5 4 6 
15 9 6 1 2 7 3 6 0 4 5 
15 9 6 1 2 7 3 6 4 5 0 
15 10 5 1 2 7 0 6 4 5 3 
15 11 4 1 2 7 4 6 5 0 3 
15 11 4 1 2 7 6 0 4 3 5 
15 10 5 1 2 7 6 0 5 4 3 
15 11 4 1 3 0 2 5 4 6 7 
15 10 5 1 3 0 2 6 4 7 5 
15 9 6 1 3 0 2 6 5 4 7 
15 12 3 1 3 0 4 5 6 2 7 
15 11 4 1 3 2 5 0 4 7 6 
15 10 5 1 3 2 6 4 0 7 5 
15 10 5 1 3 2 7 0 5 4 6 
15 10 5 1 3 2 7 0 6 4 5 
15 12 3 1 3 2 7 4 0 6 5 
15 10 5 1 3 4 7 6 0 5 2 
15 10 5 1 3 4 7 6 5 2 0 
15 11 4 1 3 4 0 6 5 2 7 
15 11 4 1 3 5 2 6 4 0 7 
15 11 4 1 3 5 6 0 4 2 7 
15 12 3 1 3 5 7 4 0 2 6 
15 10 5 1 3 6 2 5 0 4 7 
15 10 5 1 3 6 2 5 4 7 0 
15 11 4 1 3 6 0 5 4 7 2 
15 10 5 1 3 6 5 4 0 2 7 
15 10 5 1 3 6 7 0 5 4 2 
15 10 5 1 3 7 2 5 4 0 6 
15 11 4 1 3 7 2 5 4 6 0 
15 11 4 1 3 7 5 0 4 2 6 
15 11 4 1 3 7 6 0 4 2 5 
15 9 6 1 4 0 3 5 7 2 6 
15 9 6 1 4 0 5 6 2 3 7 
15 9 6 1 4 0 6 5 7 2 3 
15 9 6 1 4 0 7 6 2 3 5 
15 10 5 1 4 2 3 5 6 7 0 
14 11 3 1 4 2 0 5 6 7 3 
14 11 3 1 4 2 3 5 6 0 7 
15 9 6 1 4 2 3 5 7 6 0 
15 10 5 1 4 2 0 5 7 6 3 
15 9 6 1 4 2 5 6 0 7 3 
15 9 6 1 4 2 6 5 7 3 0 
15 10 5 1 4 2 0 5 7 3 6 
15 9 6 1 4 3 0 6 5 2 7 
15 11 4 1 4 3 2 0 5 7 6 
15 11 4 1 4 3 2 5 7 0 6 
15 10 5 1 4 3 2 6 0 7 5 
15 11 4 1 4 3 5 0 2 7 6 
15 9 6 1 4 3 5 6 2 7 0 
14 10 4 1 4 3 0 6 2 7 5 
15 10 5 1 4 3 5 7 6 2 0 
15 11 4 1 4 3 0 7 6 2 5 
15 11 4 1 4 3 5 7 6 0 2 
15 11 4 1 4 3 6 0 5 7 2 
15 10 5 1 4 3 6 2 0 7 5 
15 11 4 1 4 3 6 5 7 0 2 
15 11 4 1 4 3 7 0 2 6 5 
15 11 4 1 4 3 7 5 0 6 2 
15 10 5 1 4 3 7 5 6 2 0 
14 11 3 1 4 3 0 5 6 2 7 
14 11 3 1 4 3 7 5 6 0 2 
15 9 6 1 4 3 7 6 2 5 0 
15 10 5 1 4 3 0 6 2 5 7 
15 10 5 1 4 5 3 6 0 2 7 
15 9 6 1 4 6 7 5 2 3 0 
15 10 5 1 4 6 7 5 2 0 3 
15 10 5 1 4 7 3 5 2 0 6 
15 9 6 1 4 7 6 5 0 3 2 
15 10 5 1 5 2 3 0 4 7 6 
15 9 6 1 5 2 3 7 6 4 0 
15 10 5 1 5 2 0 7 6 4 3 
15 10 5 1 5 2 3 7 6 0 4 
15 9 6 1 5 3 0 6 4 2 7 
15 9 6 1 5 3 2 6 0 4 7 
15 9 6 1 5 3 7 0 6 4 2 
15 10 5 0 5 3 7 1 6 4 2 
15 9 6 1 5 3 7 6 4 0 2 
15 10 5 1 5 0 7 6 4 3 2 
15 10 5 1 5 3 7 6 4 2 0 
15 9 6 1 6 0 3 5 4 2 7 
15 9 6 1 6 2 3 5 4 7 0 
14 10 4 1 6 2 0 5 4 7 3 
15 11 4 1 6 2 3 0 4 7 5 
15 12 3 1 6 3 4 5 0 2 7 
15 9 6 1 6 3 7 0 4 2 5 
15 10 5 1 6 3 7 4 0 2 5 
15 9 6 1 6 3 7 5 0 4 2 
15 10 5 1 0 3 7 5 6 4 2 
15 11 4 0 1 3 7 5 6 4 2 
15 11 4 1 3 0 7 5 6 4 2 
15 10 5 1 6 3 7 0 5 4 2 
15 10 5 1 6 3 7 5 4 0 2 
15 9 6 1 7 0 6 5 4 3 2 
15 11 4 2 0 3 1 5 4 7 6 
15 10 5 2 0 3 7 5 1 4 6 
15 10 5 2 0 4 3 5 1 7 6 
15 10 5 2 0 4 6 5 1 7 3 
15 10 5 2 1 3 0 5 4 7 6 
15 9 6 2 1 3 6 5 0 4 7 
15 9 6 2 3 0 6 5 1 4 7 
15 9 6 2 6 0 1 5 4 7 3 
15 9 6 2 6 1 3 5 4 7 0 
15 10 5 2 6 1 3 5 4 0 7 
15 9 6 2 6 3 0 5 1 4 7 
15 9 6 3 0 1 2 5 4 7 6 
15 8 7 3 0 1 7 5 6 4 2 
15 9 6 0 3 1 7 5 6 4 2 
15 8 7 3 0 2 1 5 6 4 7 
15 9 6 0 3 2 1 5 6 4 7 
15 8 7 3 0 6 2 5 1 4 7 
15 9 6 3 0 6 7 5 4 2 1 
15 8 7 3 1 0 2 6 4 7 5 
15 7 8 3 1 0 2 6 5 4 7 
15 9 6 3 1 0 7 5 6 4 2 
15 8 7 3 1 2 5 6 4 7 0 
15 9 6 3 1 2 5 6 4 0 7 
15 10 5 3 1 2 6 0 4 7 5 
15 7 8 3 1 2 7 6 5 4 0 
14 8 6 3 1 2 7 6 5 0 4 
15 9 6 3 1 2 7 0 5 4 6 
15 9 6 3 1 7 2 5 4 0 6 
15 9 6 3 2 0 1 5 6 4 7 
15 10 5 3 2 1 0 5 6 4 7 
15 10 5 3 2 4 1 5 6 0 7 
15 7 8 3 4 0 1 6 5 2 7 
15 9 6 3 4 1 0 5 2 7 6 
15 9 6 3 4 1 0 5 6 2 7 
15 7 8 3 4 1 7 6 5 2 0 
14 8 6 3 4 1 7 6 5 0 2 
15 9 6 3 4 1 7 0 5 2 6 
15 8 7 3 4 6 1 0 5 2 7 
15 8 7 3 4 6 1 5 2 0 7 
15 9 6 3 4 6 7 5 0 1 2 
15 8 7 3 5 1 0 4 6 2 7 
15 10 5 3 6 0 1 5 4 7 2 
15 8 7 3 6 0 2 5 4 1 7 
15 9 6 3 6 0 2 5 4 7 1 
15 9 6 3 6 1 0 5 4 7 2 
15 8 7 3 6 1 2 5 0 4 7 
15 8 7 3 6 1 2 5 4 7 0 
15 10 5 3 6 1 2 0 4 7 5 
15 8 7 3 6 1 5 4 0 2 7 
15 8 7 3 6 1 7 0 5 4 2 
15 8 7 3 6 2 1 0 5 4 7 
15 9 6 3 6 2 7 0 1 4 5 
15 9 6 3 6 2 7 5 4 0 1 
15 8 7 3 6 4 0 5 2 1 7 
15 8 7 3 6 4 2 5 1 0 7 
15 9 6 3 6 7 0 5 4 2 1 
15 8 7 4 0 1 3 6 2 7 5 
15 9 6 4 0 2 3 5 1 7 6 
15 9 6 4 0 2 6 5 1 7 3 
15 8 7 4 0 3 6 1 5 2 7 
15 9 6 4 0 3 7 5 1 2 6 
15 8 7 4 0 6 3 5 2 1 7 
15 9 6 4 1 0 3 5 2 7 6 
15 9 6 4 1 0 6 5 2 7 3 
15 9 6 4 1 2 3 0 5 7 6 
15 9 6 4 1 2 3 5 0 6 7 
15 9 6 4 1 2 3 5 6 7 0 
14 10 4 4 1 2 0 5 6 7 3 
15 11 4 4 1 2 3 0 6 7 5 
15 9 6 4 1 2 3 5 7 0 6 
15 8 7 4 1 2 3 6 0 7 5 
15 7 8 4 1 2 3 6 5 0 7 
15 9 6 4 1 2 6 0 5 7 3 
15 9 6 4 1 2 6 5 7 0 3 
15 7 8 4 1 3 0 6 5 2 7 
15 8 7 4 1 3 5 6 0 2 7 
15 9 6 4 1 3 7 0 5 2 6 
15 11 4 4 1 3 7 0 6 2 5 
15 9 6 4 1 3 7 5 2 0 6 
15 8 7 4 1 3 7 6 5 2 0 
15 9 6 4 1 3 7 6 5 0 2 
15 9 6 4 2 1 3 5 0 7 6 
15 10 5 4 2 1 3 0 5 7 6 
15 10 5 4 2 1 3 5 7 0 6 
15 9 6 4 2 1 6 5 0 7 3 
15 10 5 4 2 1 6 0 5 7 3 
15 10 5 4 2 1 6 5 7 0 3 
15 9 6 4 2 3 6 5 0 1 7 
15 10 5 4 2 3 6 0 5 1 7 
15 10 5 4 2 3 6 5 1 0 7 
15 9 6 4 3 0 6 5 2 1 7 
15 7 8 4 5 1 3 6 2 0 7 
15 8 7 4 5 3 6 0 1 2 7 
15 9 6 4 6 0 1 5 2 7 3 
15 10 5 4 6 0 3 5 2 7 1 
15 9 6 4 6 1 2 5 0 7 3 
15 9 6 4 6 1 7 5 0 3 2 
15 8 7 4 6 2 3 0 1 7 5 
15 8 7 4 6 3 0 5 2 1 7 
15 8 7 4 6 3 5 0 1 2 7 
15 8 7 4 6 3 7 0 1 2 5 
15 9 6 4 6 3 7 5 2 1 0 
15 10 5 4 6 3 7 5 2 0 1 
15 7 8 5 0 2 3 1 6 4 7 
15 8 7 5 0 2 3 4 1 7 6 
15 8 7 5 0 2 6 4 1 7 3 
15 9 6 5 0 3 7 1 4 2 6 
15 8 7 5 0 3 7 4 1 2 6 
15 8 7 5 0 6 1 3 4 2 7 
15 8 7 5 0 6 1 7 4 2 3 
15 7 8 5 0 6 3 4 2 1 7 
15 8 7 5 0 6 3 7 4 1 2 
15 9 6 5 1 0 3 4 2 7 6 
15 8 7 5 1 0 3 7 4 2 6 
15 10 5 5 1 0 6 4 2 7 3 
15 9 6 5 1 0 6 7 4 2 3 
15 8 7 5 1 0 6 7 4 3 2 
15 8 7 5 1 2 3 4 0 6 7 
15 8 7 5 1 2 3 4 6 7 0 
14 9 5 5 1 2 0 4 6 7 3 
15 10 5 5 1 2 3 0 6 7 4 
15 8 7 5 1 2 3 4 7 0 6 
15 7 8 5 1 2 3 6 0 4 7 
15 8 7 5 1 2 3 6 4 0 7 
15 8 7 5 1 2 3 6 4 7 0 
15 9 6 5 1 2 0 6 4 7 3 
15 8 7 5 1 2 6 3 4 7 0 
15 9 6 5 1 2 0 3 4 7 6 
15 9 6 5 1 2 6 3 4 0 7 
15 8 7 5 1 2 6 4 7 0 3 
15 11 4 5 1 3 4 0 6 2 7 
15 8 7 5 1 3 6 7 0 4 2 
15 10 5 5 1 3 7 0 6 2 4 
15 8 7 5 1 3 7 4 2 0 6 
15 8 7 5 1 7 6 0 4 3 2 
15 8 7 5 2 0 3 1 6 4 7 
15 9 6 5 2 3 0 1 6 4 7 
15 11 4 5 2 3 1 0 4 7 6 
15 9 6 5 2 3 6 1 0 4 7 
15 10 5 5 2 3 7 0 1 4 6 
15 10 5 5 2 3 7 1 6 4 0 
15 11 4 5 2 3 7 1 6 0 4 
15 10 5 5 2 4 3 0 1 7 6 
15 9 6 5 2 4 3 1 6 0 7 
15 10 5 5 2 4 6 0 1 7 3 
15 8 7 5 3 0 6 1 4 2 7 
15 9 6 5 3 2 6 1 4 0 7 
15 8 7 5 3 2 6 4 1 0 7 
15 9 6 5 3 6 0 1 4 2 7 
15 8 7 5 3 6 0 4 1 2 7 
15 9 6 5 3 6 1 0 4 2 7 
15 10 5 5 3 6 7 0 4 1 2 
15 9 6 5 4 3 6 0 1 2 7 
15 8 7 5 4 3 6 1 0 2 7 
15 8 7 5 6 0 1 4 2 7 3 
15 9 6 5 6 0 3 4 2 7 1 
15 9 6 5 6 0 7 3 4 1 2 
15 10 5 5 6 0 7 3 4 2 1 
15 8 7 5 6 1 2 0 4 3 7 
15 8 7 5 6 1 2 4 0 7 3 
15 9 6 5 6 1 7 2 4 3 0 
14 10 4 5 6 1 0 2 4 3 7 
14 10 4 5 6 1 7 2 4 0 3 
15 9 6 5 6 1 7 3 0 4 2 
15 8 7 5 6 2 1 3 4 0 7 
15 8 7 5 6 2 1 7 4 0 3 
15 7 8 5 6 2 3 1 4 0 7 
15 8 7 5 6 0 3 1 4 2 7 
15 8 7 5 6 2 3 1 4 7 0 
15 9 6 5 6 2 0 1 4 7 3 
15 7 8 5 6 2 3 7 1 4 0 
15 8 7 5 6 2 0 7 1 4 3 
15 8 7 5 6 2 3 7 1 0 4 
15 7 8 5 6 3 0 4 2 1 7 
15 8 7 5 6 3 0 7 4 1 2 
15 8 7 5 6 3 7 1 0 4 2 
15 8 7 5 6 3 7 4 2 1 0 
15 9 6 5 6 3 7 4 2 0 1 
15 9 6 5 6 4 1 0 2 7 3 
15 8 7 6 0 1 3 2 4 7 5 
15 9 6 0 6 1 3 2 4 7 5 
15 9 6 6 0 1 7 3 4 2 5 
15 8 7 6 0 1 7 4 2 3 5 
15 10 5 6 0 2 3 5 1 7 4 
15 10 5 6 0 2 4 5 1 3 7 
15 8 7 6 0 2 5 4 1 7 3 
15 9 6 6 0 2 7 5 1 3 4 
15 8 7 6 0 2 7 5 1 4 3 
15 9 6 6 0 3 2 4 1 7 5 
15 8 7 6 0 3 7 1 5 4 2 
15 9 6 6 0 3 7 5 4 2 1 
15 9 6 6 0 4 7 5 3 1 2 
15 8 7 6 0 7 3 5 1 4 2 
15 8 7 6 1 0 2 3 4 7 5 
15 7 8 6 1 0 2 3 5 4 7 
15 7 8 6 1 0 2 7 5 4 3 
15 9 6 6 1 0 3 2 4 7 5 
15 9 6 6 1 0 3 4 2 7 5 
15 7 8 6 1 0 3 4 5 2 7 
15 7 8 6 1 0 3 4 7 2 5 
15 8 7 6 1 0 3 7 4 2 5 
15 7 8 6 1 0 3 7 5 2 4 
15 8 7 6 1 0 3 7 5 4 2 
15 10 5 6 1 0 5 4 2 7 3 
15 9 6 6 1 0 5 7 4 2 3 
15 8 7 6 1 0 5 7 4 3 2 
15 9 6 6 1 0 7 2 5 3 4 
15 10 5 6 1 0 7 2 5 4 3 
15 7 8 6 1 2 3 4 7 5 0 
15 8 7 6 1 2 0 4 7 5 3 
15 7 8 6 1 2 3 7 0 5 4 
15 10 5 6 1 2 4 5 0 7 3 
15 8 7 6 1 2 5 3 4 7 0 
15 9 6 6 1 2 5 3 4 0 7 
15 8 7 6 1 2 5 4 7 0 3 
15 8 7 6 1 2 7 0 5 4 3 
15 7 8 6 1 2 7 3 5 4 0 
14 8 6 6 1 2 7 3 5 0 4 
15 8 7 6 1 3 0 7 5 4 2 
15 9 6 6 1 3 2 4 7 0 5 
15 8 7 6 1 3 2 7 5 4 0 
15 9 6 6 1 3 2 7 5 0 4 
15 8 7 6 1 3 5 7 0 4 2 
15 9 6 6 1 3 7 0 2 5 4 
15 9 6 6 1 3 7 2 0 5 4 
15 8 7 6 1 7 0 4 2 3 5 
15 9 6 6 1 7 3 0 4 2 5 
15 8 7 6 1 7 3 0 5 4 2 
15 8 7 6 1 7 5 0 4 3 2 
15 8 7 6 2 0 3 1 4 7 5 
15 7 8 6 2 0 3 1 5 4 7 
15 9 6 6 2 3 0 1 4 7 5 
15 8 7 6 2 3 0 1 5 4 7 
15 11 4 6 2 3 5 0 1 7 4 
15 9 6 6 2 3 5 1 0 4 7 
15 10 5 6 2 3 5 1 4 7 0 
15 11 4 6 2 3 5 1 4 0 7 
15 9 6 6 2 3 7 1 0 4 5 
15 9 6 6 2 3 7 1 5 4 0 
15 10 5 6 2 3 7 1 5 0 4 
15 10 5 6 2 4 0 5 1 3 7 
15 9 6 6 2 4 3 1 0 7 5 
15 8 7 6 2 4 3 1 5 0 7 
15 9 6 6 2 4 3 5 0 7 1 
15 10 5 6 2 4 3 0 5 7 1 
15 10 5 6 2 4 3 5 7 0 1 
15 10 5 6 2 4 5 0 1 7 3 
15 10 5 6 2 4 7 5 1 0 3 
15 9 6 6 2 7 0 5 1 3 4 
15 9 6 6 2 7 3 1 4 0 5 
15 10 5 6 2 7 3 5 1 0 4 
15 10 5 6 2 7 4 5 0 1 3 
15 10 5 6 2 7 4 5 1 3 0 
15 8 7 6 3 0 5 1 4 2 7 
15 8 7 6 3 2 0 5 1 4 7 
15 9 6 6 3 2 5 1 4 0 7 
15 8 7 6 3 2 5 4 1 0 7 
15 10 5 6 3 2 7 1 0 4 5 
15 10 5 6 3 2 7 1 4 5 0 
15 11 4 6 3 2 0 1 4 5 7 
15 9 6 6 3 2 7 4 0 1 5 
15 9 6 6 3 2 7 4 1 5 0 
15 10 5 6 3 2 0 4 1 5 7 
15 8 7 6 3 4 2 5 1 0 7 
15 10 5 6 3 4 7 0 1 2 5 
15 9 6 6 3 4 7 0 5 1 2 
15 9 6 6 3 5 0 1 4 2 7 
15 8 7 6 3 5 0 4 1 2 7 
15 10 5 6 3 5 7 1 4 2 0 
14 11 3 6 3 5 7 1 4 0 2 
15 12 3 6 3 5 7 0 4 2 1 
15 9 6 6 3 5 7 4 1 2 0 
14 10 4 6 3 5 7 4 1 0 2 
15 11 4 6 3 5 7 0 1 2 4 
15 8 7 6 3 7 2 5 1 4 0 
15 9 6 6 3 7 2 5 1 0 4 
15 7 8 6 4 0 1 3 5 2 7 
15 9 6 6 4 0 1 5 2 3 7 
15 7 8 6 4 0 1 7 5 2 3 
15 8 7 6 4 0 2 5 7 1 3 
15 7 8 6 4 0 3 7 5 1 2 
15 8 7 6 4 0 3 7 5 2 1 
15 8 7 6 4 0 7 5 3 1 2 
15 8 7 6 4 1 2 0 5 3 7 
15 8 7 6 4 1 2 5 3 0 7 
15 8 7 6 4 1 2 5 7 3 0 
15 9 6 6 4 1 0 5 7 3 2 
15 8 7 6 4 1 3 2 7 0 5 
15 7 8 6 4 1 3 7 0 5 2 
15 8 7 6 4 1 7 0 5 2 3 
15 7 8 6 4 1 7 3 5 2 0 
14 8 6 6 4 1 7 3 5 0 2 
15 8 7 6 4 1 7 5 3 2 0 
15 9 6 6 4 1 0 5 3 2 7 
15 8 7 6 4 2 3 1 0 7 5 
15 11 4 6 4 3 1 0 2 7 5 
15 9 6 6 4 3 1 5 0 2 7 
15 8 7 6 4 3 5 1 0 2 7 
15 9 6 6 4 3 7 0 5 2 1 
15 8 7 6 4 7 1 5 0 2 3 
15 8 7 6 4 7 1 5 2 3 0 
15 9 6 6 4 7 0 5 2 3 1 
15 8 7 6 5 1 3 0 4 2 7 
15 7 8 6 5 1 3 4 0 2 7 
15 7 8 6 5 2 3 1 0 4 7 
15 8 7 6 7 0 2 5 1 4 3 
15 8 7 7 1 0 3 6 4 2 5 
15 8 7 7 1 3 0 6 5 4 2 
15 8 7 7 1 3 5 6 4 2 0 
15 9 6 7 1 3 5 6 4 0 2 
15 10 5 7 1 3 6 0 4 2 5 
15 9 6 7 6 0 3 5 1 4 2 
15 9 6 7 6 3 2 5 1 4 0 
15 10 5 7 6 3 2 5 1 0 4 
16 11 5 0 1 2 3 4 6 7 5 
16 12 4 0 1 2 3 5 6 7 4 
16 9 7 0 1 2 6 3 4 7 5 
16 8 8 0 1 2 6 3 5 4 7 
16 8 8 0 1 2 6 7 5 4 3 
16 10 6 0 1 2 7 3 5 4 6 
16 10 6 0 1 2 7 6 4 3 5 
16 10 6 0 1 2 7 6 5 4 3 
16 11 5 0 1 3 4 5 2 7 6 
16 9 7 0 1 3 4 6 5 2 7 
16 10 6 0 1 3 5 6 2 7 4 
16 10 6 0 1 3 5 6 4 7 2 
16 10 6 0 1 3 7 4 2 5 6 
16 11 5 0 1 3 7 4 6 2 5 
16 12 4 0 1 3 7 5 6 2 4 
16 11 5 0 1 4 3 5 2 7 6 
16 9 7 0 1 7 2 6 4 3 5 
16 8 8 0 1 7 2 6 5 4 3 
16 10 6 0 1 7 3 5 4 2 6 
16 9 7 0 1 7 5 6 4 3 2 
16 12 4 0 2 3 4 6 1 7 5 
16 11 5 0 2 3 4 6 5 1 7 
16 14 2 0 2 3 4 6 5 7 1 
16 12 4 0 2 3 5 1 4 7 6 
16 11 5 0 2 3 5 1 6 4 7 
16 12 4 0 2 3 5 4 1 7 6 
16 12 4 0 2 3 6 1 4 7 5 
16 11 5 0 2 3 6 1 5 4 7 
16 12 4 0 2 3 6 5 1 7 4 
16 11 5 0 2 3 7 1 5 4 6 
16 14 2 0 2 3 7 5 6 4 1 
16 10 6 0 2 3 7 6 5 1 4 
16 11 5 0 2 4 1 6 5 7 3 
16 11 5 0 2 4 3 1 5 7 6 
16 14 2 0 2 4 3 5 6 7 1 
16 12 4 0 2 7 3 5 4 6 1 
16 12 4 0 2 7 6 5 4 3 1 
16 10 6 0 3 1 2 5 4 7 6 
16 12 4 0 3 2 1 5 4 6 7 
16 12 4 0 3 2 5 6 4 7 1 
16 12 4 0 3 2 7 1 4 5 6 
16 11 5 0 3 2 7 1 5 4 6 
16 11 5 0 3 2 7 1 6 4 5 
16 11 5 0 3 4 7 5 1 2 6 
16 10 6 0 3 4 7 6 5 1 2 
16 12 4 0 3 5 6 1 4 2 7 
16 10 6 0 3 5 6 4 1 2 7 
16 12 4 0 3 5 7 4 1 2 6 
16 9 7 0 3 6 2 5 1 4 7 
16 11 5 0 3 6 7 1 5 4 2 
16 12 4 0 3 7 1 5 4 6 2 
16 12 4 0 3 7 5 6 4 2 1 
16 9 7 0 3 7 6 5 1 4 2 
16 12 4 0 3 7 6 5 4 2 1 
16 9 7 0 4 1 3 6 5 7 2 
16 9 7 0 4 1 5 6 2 7 3 
16 8 8 0 4 1 6 3 5 2 7 
16 8 8 0 4 1 6 7 5 2 3 
16 10 6 0 4 1 7 3 5 2 6 
16 10 6 0 4 1 7 6 5 2 3 
16 10 6 0 4 2 3 5 1 7 6 
16 13 3 0 4 2 3 5 6 7 1 
16 10 6 0 4 2 6 5 1 7 3 
16 9 7 0 4 3 5 6 2 1 7 
16 12 4 0 4 3 5 6 2 7 1 
16 11 5 0 4 3 6 7 5 2 1 
16 10 6 0 4 3 7 5 1 2 6 
16 12 4 0 4 3 7 5 2 6 1 
16 13 3 0 4 3 7 5 6 2 1 
16 9 7 0 4 3 7 6 2 1 5 
16 10 6 0 4 6 1 5 2 3 7 
16 9 7 0 4 6 3 5 2 1 7 
16 9 7 0 5 2 3 4 1 7 6 
16 11 5 0 5 2 3 6 4 7 1 
16 9 7 0 5 2 6 4 1 7 3 
16 10 6 0 5 3 7 1 4 2 6 
16 9 7 0 5 3 7 4 1 2 6 
16 9 7 0 5 6 1 3 4 2 7 
16 9 7 0 5 6 1 7 4 2 3 
16 8 8 0 5 6 3 4 2 1 7 
16 9 7 0 5 6 3 7 4 1 2 
16 10 6 0 6 1 4 5 2 7 3 
16 9 7 0 6 1 5 4 2 7 3 
16 12 4 0 6 1 7 2 4 3 5 
16 9 7 0 6 1 7 3 5 4 2 
16 9 7 0 6 1 7 4 2 3 5 
16 10 6 0 6 2 3 5 4 7 1 
16 9 7 0 6 2 5 4 1 7 3 
16 10 6 0 6 2 7 5 1 4 3 
16 10 6 0 6 3 2 4 1 7 5 
16 11 5 0 6 3 4 5 2 1 7 
16 9 7 0 6 3 5 4 2 1 7 
16 9 7 0 6 3 7 1 5 4 2 
16 10 6 0 6 3 7 5 2 1 4 
16 10 6 0 6 3 7 5 4 2 1 
16 9 7 0 6 7 3 5 1 4 2 
16 11 5 1 0 2 3 4 6 7 5 
16 10 6 1 0 2 5 6 3 4 7 
16 9 7 1 0 2 6 5 4 3 7 
16 12 4 1 0 3 2 5 4 6 7 
16 12 4 1 0 3 4 5 2 7 6 
16 12 4 1 0 3 4 6 2 5 7 
16 10 6 1 0 3 4 6 5 2 7 
16 11 5 1 0 3 5 4 6 2 7 
16 11 5 1 0 3 6 2 4 7 5 
16 11 5 1 0 3 7 4 6 2 5 
16 11 5 1 0 3 7 6 2 5 4 
16 12 4 1 0 3 7 6 4 5 2 
16 10 6 1 0 4 3 5 7 2 6 
16 11 5 1 0 4 6 5 2 7 3 
16 10 6 1 0 4 6 5 7 2 3 
16 10 6 1 0 4 7 5 2 3 6 
16 10 6 1 0 4 7 6 2 3 5 
16 11 5 1 0 4 7 6 3 5 2 
16 12 4 1 0 5 7 6 3 4 2 
16 11 5 1 0 5 7 6 4 3 2 
16 12 4 0 1 5 7 6 4 3 2 
16 10 6 1 0 6 3 5 4 2 7 
16 12 4 1 0 6 7 3 4 2 5 
16 11 5 1 0 6 7 4 3 2 5 
16 10 6 1 0 7 3 6 2 4 5 
16 9 7 1 0 7 6 5 4 2 3 
16 11 5 1 2 0 3 5 4 6 7 
16 14 2 1 2 0 3 5 6 7 4 
16 13 3 1 2 0 4 5 6 7 3 
16 14 2 1 0 2 4 5 6 7 3 
16 11 5 1 2 0 5 6 4 3 7 
16 12 4 1 2 0 7 5 4 3 6 
16 11 5 1 2 0 7 5 4 6 3 
16 12 4 1 0 2 7 5 4 6 3 
16 13 3 1 2 0 7 5 6 3 4 
16 14 2 1 2 0 7 5 6 4 3 
16 12 4 1 2 3 4 0 6 5 7 
16 13 3 0 2 3 4 1 6 5 7 
16 13 3 1 2 3 4 5 0 7 6 
16 13 3 1 2 3 4 5 6 0 7 
16 14 2 1 2 0 4 5 6 3 7 
16 14 2 1 2 3 4 5 0 6 7 
16 14 2 1 2 3 4 5 6 7 0 
