0 0 0 2 0 6 1 4 5 7 3 
12 1 11 0 2 6 1 4 5 7 3 
12 1 11 2 5 6 1 4 0 7 3 
12 2 10 2 5 6 1 0 4 7 3 
12 3 9 0 5 6 1 2 4 7 3 
12 2 10 2 5 6 1 4 7 0 3 
12 1 11 2 6 0 1 4 5 7 3 
12 2 10 2 6 1 0 4 5 7 3 
12 3 9 2 6 1 3 4 5 7 0 
10 4 6 2 6 1 3 4 5 0 7 
11 5 6 2 6 0 3 4 5 1 7 
11 5 6 2 6 1 3 0 5 7 4 
11 5 6 2 6 1 3 4 0 5 7 
11 6 5 2 0 1 3 4 6 5 7 
11 6 5 2 6 1 3 0 4 5 7 
11 7 4 0 6 1 3 2 4 5 7 
12 7 5 0 2 1 3 4 6 5 7 
12 6 6 0 6 1 3 4 5 7 2 
12 7 5 2 1 0 3 4 6 5 7 
12 6 6 2 6 0 3 4 5 7 1 
12 8 4 2 6 1 3 7 4 5 0 
12 2 10 2 6 7 1 4 5 0 3 
12 2 10 4 2 6 1 0 5 7 3 
11 3 8 4 2 6 1 5 0 7 3 
11 4 7 4 0 6 1 5 2 7 3 
11 4 7 4 2 6 1 5 7 0 3 
12 4 8 4 2 6 1 3 5 7 0 
12 5 7 4 2 6 0 3 5 7 1 
12 5 7 4 2 6 1 3 5 0 7 
13 4 9 0 6 1 2 4 5 7 3 
13 6 7 0 6 1 3 2 5 7 4 
13 3 10 1 2 6 0 4 5 7 3 
12 4 8 1 2 0 6 4 5 7 3 
12 4 8 1 2 6 3 4 5 7 0 
10 5 5 1 2 6 3 4 5 0 7 
11 6 5 1 2 0 3 4 5 6 7 
11 6 5 1 2 6 3 0 5 7 4 
11 6 5 1 2 6 3 4 0 5 7 
11 7 4 1 0 6 3 4 2 5 7 
11 7 4 1 2 6 3 0 4 5 7 
11 8 3 0 2 6 3 1 4 5 7 
12 7 5 0 2 6 3 4 5 7 1 
12 7 5 1 0 2 3 4 5 6 7 
12 7 5 1 2 0 3 4 5 7 6 
12 7 5 1 2 3 0 4 5 6 7 
12 8 4 1 2 3 7 4 5 6 0 
12 9 3 1 2 6 3 7 4 5 0 
13 8 5 0 1 2 3 4 5 6 7 
13 9 4 0 2 3 1 4 5 6 7 
13 7 6 0 2 6 3 1 5 7 4 
13 10 3 1 0 6 3 2 4 5 7 
13 10 3 1 2 6 0 3 4 5 7 
13 10 3 1 2 6 0 7 4 5 3 
13 7 6 1 2 6 3 5 0 7 4 
13 8 5 1 0 6 3 5 2 7 4 
13 8 5 1 2 6 3 5 7 0 4 
13 10 3 1 2 6 3 7 4 0 5 
13 8 5 1 5 2 3 4 0 6 7 
13 9 4 2 0 1 3 6 4 5 7 
13 8 5 2 1 3 0 4 6 5 7 
13 9 4 2 1 3 7 4 6 5 0 
13 8 5 2 1 5 3 4 6 0 7 
13 3 10 2 5 0 1 4 7 6 3 
13 4 9 2 5 6 1 3 4 7 0 
13 5 8 2 5 6 0 3 4 7 1 
13 5 8 2 5 6 1 3 4 0 7 
13 3 10 2 5 6 1 4 7 3 0 
13 4 9 2 5 6 0 4 7 3 1 
13 9 4 2 6 1 0 3 4 5 7 
13 9 4 2 6 1 0 7 4 5 3 
13 6 7 2 6 1 3 5 0 7 4 
13 7 6 2 0 1 3 5 6 7 4 
13 7 6 2 6 1 3 5 7 0 4 
13 9 4 2 6 1 3 7 4 0 5 
13 3 10 2 6 7 1 4 0 5 3 
13 3 10 2 6 7 1 4 5 3 0 
12 4 8 2 6 7 0 4 5 3 1 
13 5 8 2 6 7 1 0 5 3 4 
13 5 8 4 0 6 1 2 5 7 3 
13 5 8 4 2 0 1 5 7 6 3 
13 5 8 4 2 6 0 1 5 7 3 
13 5 8 4 2 6 1 5 7 3 0 
12 6 6 4 2 6 0 5 7 3 1 
13 7 6 4 2 6 1 0 7 3 5 
14 10 4 0 1 3 2 4 6 5 7 
14 8 6 0 2 1 3 5 6 7 4 
14 10 4 0 2 1 3 6 4 5 7 
14 7 7 0 2 6 1 3 5 7 4 
14 8 6 0 2 6 1 5 7 3 4 
14 5 9 0 4 6 1 5 2 7 3 
14 6 8 0 6 7 1 2 5 3 4 
14 6 8 0 6 7 1 4 5 3 2 
14 5 9 1 0 2 6 4 5 7 3 
14 10 4 1 2 3 4 0 5 6 7 
14 10 4 1 2 3 6 4 5 0 7 
14 6 8 1 2 6 4 0 5 7 3 
13 7 6 0 2 6 4 1 5 7 3 
13 7 6 1 2 6 4 5 0 7 3 
13 8 5 1 0 6 4 5 2 7 3 
13 8 5 1 2 6 4 5 7 0 3 
14 8 6 1 2 6 4 3 5 7 0 
14 9 5 1 2 6 0 3 5 7 4 
14 9 5 1 2 6 4 3 5 0 7 
14 6 8 1 2 6 7 4 5 0 3 
14 5 9 1 2 7 6 4 5 0 3 
14 4 10 2 0 5 1 4 7 6 3 
14 5 9 0 2 5 1 4 7 6 3 
14 5 9 2 0 6 1 5 4 7 3 
14 4 10 2 0 7 1 4 6 5 3 
14 8 6 2 1 0 3 5 6 7 4 
14 10 4 2 1 0 3 6 4 5 7 
14 10 4 2 4 1 3 6 0 5 7 
14 6 8 2 5 0 1 3 4 6 7 
14 4 10 2 5 1 0 4 7 6 3 
14 5 9 2 5 1 3 4 7 6 0 
13 6 7 2 5 1 3 4 7 0 6 
14 7 7 2 5 1 3 0 7 6 4 
14 5 9 2 5 6 0 1 4 7 3 
14 5 9 2 5 6 1 0 7 3 4 
14 6 8 2 5 6 1 3 0 4 7 
14 6 8 2 6 0 1 4 5 3 7 
14 5 9 2 6 1 4 0 5 7 3 
13 6 7 0 6 1 4 2 5 7 3 
13 6 7 2 6 1 4 5 0 7 3 
13 7 6 2 0 1 4 5 6 7 3 
13 7 6 2 6 1 4 5 7 0 3 
14 8 6 0 2 1 4 5 6 7 3 
14 8 6 2 1 0 4 5 6 7 3 
14 7 7 2 6 1 4 3 5 7 0 
14 8 6 2 6 1 0 3 5 7 4 
14 8 6 2 6 1 4 3 5 0 7 
14 5 9 2 6 1 7 4 5 0 3 
14 4 10 2 6 7 1 0 4 5 3 
14 5 9 0 6 7 1 2 4 5 3 
14 6 8 2 6 7 1 5 0 3 4 
14 7 7 2 0 7 1 5 6 3 4 
14 7 7 2 6 7 1 5 3 0 4 
14 5 9 2 7 5 1 4 0 6 3 
13 6 7 2 7 5 1 0 4 6 3 
13 7 6 0 7 5 1 2 4 6 3 
13 6 7 2 7 5 1 4 6 0 3 
14 8 6 2 7 5 1 3 4 6 0 
14 9 5 2 7 5 0 3 4 6 1 
14 9 5 2 7 5 1 3 4 0 6 
14 6 8 4 0 2 1 5 7 6 3 
14 6 8 4 2 0 1 3 5 6 7 
14 7 7 4 2 0 1 3 5 7 6 
14 8 6 4 2 0 1 5 7 3 6 
14 6 8 4 2 0 6 1 5 7 3 
14 6 8 4 2 1 0 5 7 6 3 
14 8 6 4 2 1 3 0 6 5 7 
14 7 7 4 2 1 3 5 7 6 0 
13 8 5 4 2 1 3 5 7 0 6 
14 9 5 4 2 1 3 0 7 6 5 
14 6 8 4 2 6 1 3 0 5 7 
14 7 7 4 0 6 1 3 2 5 7 
14 7 7 4 2 6 1 0 3 5 7 
14 8 6 0 2 6 1 4 3 5 7 
14 6 8 4 2 6 3 1 5 7 0 
13 7 6 4 2 6 3 1 5 0 7 
14 8 6 4 2 6 3 0 5 7 1 
14 5 9 4 6 0 1 5 2 7 3 
14 6 8 4 6 1 0 5 2 7 3 
14 7 7 4 6 1 3 5 2 7 0 
13 8 5 4 6 1 3 5 2 0 7 
14 9 5 4 6 1 3 0 2 7 5 
14 6 8 4 6 7 1 5 2 0 3 
14 9 5 5 2 1 3 0 6 7 4 
14 9 5 5 2 1 4 0 6 7 3 
14 4 10 5 2 6 1 4 0 7 3 
14 5 9 5 0 6 1 4 2 7 3 
14 5 9 5 2 6 1 0 4 7 3 
14 5 9 5 2 6 1 4 7 0 3 
15 10 5 0 2 1 3 5 7 6 4 
15 8 7 0 2 1 4 5 7 6 3 
15 11 4 0 2 3 4 1 5 6 7 
15 6 9 0 2 6 1 5 4 7 3 
15 12 3 0 2 6 3 7 4 5 1 
15 5 10 0 2 7 1 4 6 5 3 
15 8 7 0 2 7 1 5 6 3 4 
15 6 9 0 5 1 2 4 7 6 3 
15 8 7 0 5 1 3 4 7 6 2 
15 7 8 0 5 6 1 3 4 7 2 
15 6 9 0 5 6 1 4 7 3 2 
15 10 5 0 6 1 3 5 2 7 4 
15 11 4 0 6 1 3 7 4 5 2 
15 8 7 0 6 1 4 5 2 7 3 
15 8 7 1 0 2 3 4 5 7 6 
15 9 6 1 0 6 3 2 5 7 4 
15 9 6 1 0 6 4 2 5 7 3 
15 9 6 1 2 0 3 5 7 6 4 
15 12 3 1 2 0 3 7 4 5 6 
15 9 6 1 2 0 4 5 7 6 3 
15 8 7 1 2 3 0 4 5 7 6 
14 9 5 1 2 3 6 4 5 7 0 
15 10 5 0 2 3 1 4 5 7 6 
15 11 4 1 2 3 4 5 0 6 7 
15 12 3 1 0 3 4 5 2 6 7 
15 12 3 1 2 3 4 5 6 0 7 
15 13 2 1 2 0 4 5 6 3 7 
15 13 2 1 2 3 4 5 6 7 0 
