0 0 0 4 0 7 3 6 1 2 5 
9 1 8 0 4 7 3 6 1 2 5 
9 1 8 4 1 7 3 6 0 2 5 
9 1 8 4 7 0 3 6 1 2 5 
10 2 8 4 1 7 3 0 6 2 5 
10 3 7 0 1 7 3 4 6 2 5 
10 2 8 4 1 7 3 6 2 0 5 
10 2 8 4 7 2 3 6 1 0 5 
10 2 8 4 7 3 0 6 1 2 5 
10 3 7 4 7 3 5 6 1 2 0 
10 4 6 4 7 3 5 6 1 0 2 
10 2 8 6 4 7 3 0 1 2 5 
11 4 7 0 7 3 4 6 1 2 5 
11 4 7 1 0 7 3 4 6 2 5 
11 5 6 1 6 7 3 4 0 2 5 
11 5 6 1 7 0 3 4 6 2 5 
11 3 8 3 4 7 0 6 1 2 5 
11 3 8 4 1 0 3 6 2 7 5 
11 4 7 4 0 1 3 6 2 7 5 
11 4 7 4 1 3 0 6 2 7 5 
11 5 6 4 1 3 5 6 2 7 0 
11 6 5 4 1 3 5 6 2 0 7 
11 4 7 4 1 7 3 5 6 2 0 
10 5 5 4 1 7 0 5 6 2 3 
10 5 5 4 1 7 3 5 6 0 2 
11 3 8 4 1 7 3 6 2 5 0 
11 4 7 4 1 7 0 6 2 5 3 
11 3 8 4 7 2 3 6 0 1 5 
11 3 8 4 7 2 3 6 1 5 0 
11 4 7 4 7 2 0 6 1 5 3 
11 5 6 4 7 3 5 0 1 2 6 
11 3 8 6 4 7 3 1 0 2 5 
11 5 6 6 7 3 4 0 1 2 5 
11 5 6 7 0 3 4 6 1 2 5 
12 6 6 0 1 3 4 6 2 7 5 
12 7 5 0 1 7 3 5 6 2 4 
12 5 7 0 4 1 3 6 2 7 5 
12 6 6 0 7 3 5 6 1 2 4 
12 7 5 1 0 3 4 6 2 7 5 
12 8 4 1 2 3 4 6 0 7 5 
12 9 3 1 2 3 4 0 6 7 5 
12 10 2 0 2 3 4 1 6 7 5 
12 9 3 1 2 3 4 6 7 0 5 
12 8 4 1 3 0 4 6 2 7 5 
12 4 8 1 4 7 3 6 0 2 5 
12 5 7 1 0 7 3 6 4 2 5 
12 6 6 0 1 7 3 6 4 2 5 
12 5 7 1 4 7 3 0 6 2 5 
12 6 6 0 4 7 3 1 6 2 5 
12 5 7 1 4 7 3 6 2 0 5 
12 6 6 1 7 0 3 6 4 2 5 
12 6 6 1 7 2 3 4 6 0 5 
12 6 6 1 7 3 0 4 6 2 5 
12 7 5 1 7 3 5 4 6 2 0 
12 8 4 1 7 3 5 4 6 0 2 
12 5 7 3 1 7 0 4 6 2 5 
12 4 8 3 4 0 7 6 1 2 5 
12 5 7 3 0 4 7 6 1 2 5 
12 5 7 3 4 2 7 6 1 0 5 
12 4 8 3 4 7 5 6 1 2 0 
12 5 7 3 4 7 5 6 1 0 2 
12 4 8 4 0 2 3 6 7 1 5 
12 5 7 4 0 7 3 1 6 2 5 
12 7 5 4 1 0 3 5 6 2 7 
12 6 6 4 1 0 3 5 6 7 2 
12 7 5 4 0 1 3 5 6 7 2 
12 6 6 4 1 0 7 5 6 2 3 
12 7 5 4 1 3 0 5 6 7 2 
12 8 4 4 1 3 2 5 6 7 0 
12 9 3 4 1 3 2 5 6 0 7 
12 7 5 4 1 3 5 0 2 7 6 
12 5 7 4 1 7 0 3 6 2 5 
12 5 7 4 1 7 3 0 2 5 6 
12 6 6 4 1 7 3 5 0 6 2 
12 5 7 4 2 1 3 6 0 7 5 
12 6 6 4 2 1 3 0 6 7 5 
12 7 5 0 2 1 3 4 6 7 5 
12 6 6 4 2 1 3 6 7 0 5 
12 6 6 4 7 0 5 6 1 2 3 
12 5 7 4 7 0 5 6 1 3 2 
12 5 7 4 7 2 3 0 1 5 6 
12 4 8 4 7 2 3 0 6 1 5 
12 5 7 0 7 2 3 4 6 1 5 
12 5 7 4 7 3 2 6 1 0 5 
12 5 7 4 7 3 5 6 0 1 2 
12 5 7 4 7 3 6 0 1 2 5 
12 4 8 6 0 7 3 1 4 2 5 
12 5 7 0 6 7 3 1 4 2 5 
12 7 5 6 1 3 4 0 2 7 5 
12 4 8 6 4 7 3 1 2 0 5 
12 4 8 6 4 7 3 5 1 2 0 
11 5 6 6 4 7 0 5 1 2 3 
11 5 6 6 4 7 3 5 1 0 2 
12 5 7 6 7 0 3 1 4 2 5 
12 6 6 6 7 3 4 1 0 2 5 
12 6 6 7 1 3 4 6 0 2 5 
12 6 6 7 3 0 4 6 1 2 5 
13 9 4 0 1 3 4 5 6 7 2 
13 8 5 0 1 3 5 6 2 7 4 
13 6 7 0 1 7 3 6 2 5 4 
13 7 6 0 1 7 4 5 6 2 3 
13 6 7 0 3 4 7 6 1 2 5 
13 8 5 0 4 1 3 5 6 7 2 
13 5 8 0 4 2 3 6 7 1 5 
13 7 6 0 4 7 3 5 1 2 6 
13 6 7 0 7 2 3 6 1 5 4 
13 8 5 0 7 3 1 4 6 2 5 
13 6 7 0 7 3 5 4 1 2 6 
13 6 7 0 7 3 6 4 1 2 5 
13 10 3 1 0 3 4 5 6 7 2 
13 8 5 1 0 7 4 5 6 2 3 
13 11 2 1 2 3 4 5 6 7 0 
