0 0 0 1 7 0 4 5 2 6 3 
6 1 5 1 0 7 4 5 2 6 3 
6 1 5 1 7 4 0 5 2 6 3 
6 1 5 1 7 6 4 5 2 0 3 
7 2 5 0 1 7 4 5 2 6 3 
7 2 5 1 2 7 4 5 0 6 3 
7 3 4 1 2 7 4 0 5 6 3 
7 3 4 1 2 7 4 5 6 0 3 
7 4 3 1 2 0 4 5 6 7 3 
7 5 2 1 0 2 4 5 6 7 3 
7 5 2 1 2 4 0 5 6 7 3 
7 4 3 1 2 7 4 5 6 3 0 
7 5 2 1 2 7 0 5 6 3 4 
7 2 5 1 7 6 4 5 0 2 3 
7 2 5 1 7 6 4 5 2 3 0 
7 3 4 1 7 6 0 5 2 3 4 
8 3 5 1 0 6 4 5 7 2 3 
8 6 2 1 2 7 4 0 6 3 5 
8 2 6 1 7 4 3 5 2 6 0 
8 3 5 1 7 4 3 5 2 0 6 
8 4 4 1 7 6 4 0 2 3 5 
8 3 5 1 7 6 4 0 5 2 3 
9 6 3 0 1 2 4 5 6 7 3 
9 4 5 0 1 6 4 5 7 2 3 
9 4 5 0 2 7 4 1 5 6 3 
9 7 2 0 2 7 4 5 6 3 1 
9 3 6 0 7 4 1 5 2 6 3 
9 5 4 0 7 6 4 5 2 3 1 
9 7 2 1 2 0 4 5 6 3 7 
9 6 3 1 2 4 3 5 6 7 0 
9 7 2 1 2 4 3 5 6 0 7 
9 4 5 1 6 0 4 5 7 2 3 
9 6 3 1 6 2 4 5 0 7 3 
9 5 4 1 7 0 4 5 2 3 6 
9 4 5 1 7 4 3 0 2 6 5 
9 3 6 5 1 7 4 0 2 6 3 
10 7 3 0 2 4 1 5 6 7 3 
10 5 5 0 7 4 3 5 2 6 1 
10 4 6 0 7 6 4 1 5 2 3 
10 6 4 1 2 0 7 5 6 3 4 
10 8 2 1 2 4 3 0 6 7 5 
10 5 5 1 2 7 4 3 5 6 0 
10 6 4 1 2 7 0 3 5 6 4 
10 6 4 1 2 7 4 3 5 0 6 
10 5 5 1 6 2 4 5 7 0 3 
10 5 5 1 6 4 0 5 7 2 3 
10 4 6 1 7 0 3 5 2 4 6 
10 5 5 1 7 0 3 5 2 6 4 
10 4 6 1 7 0 6 5 2 3 4 
10 4 6 1 7 4 3 5 0 2 6 
10 4 6 1 7 4 5 0 2 6 3 
10 4 6 1 7 4 6 5 2 0 3 
10 4 6 4 1 7 0 5 2 6 3 
11 9 2 0 2 4 3 5 6 7 1 
11 7 4 0 2 7 1 5 6 3 4 
11 7 4 0 2 7 4 1 6 3 5 
11 5 6 0 7 4 3 1 2 6 5 
11 5 6 0 7 4 5 1 2 6 3 
11 5 6 0 7 6 1 5 2 3 4 
11 5 6 0 7 6 4 1 2 3 5 
11 8 3 1 0 2 4 5 6 3 7 
11 7 4 1 0 2 7 5 6 3 4 
11 5 6 1 0 4 3 5 7 2 6 
11 5 6 1 0 7 3 5 2 4 6 
11 6 5 1 0 7 4 2 5 6 3 
11 6 5 1 0 7 4 5 2 3 6 
11 5 6 1 0 7 6 5 2 3 4 
11 9 2 1 2 0 3 5 6 7 4 
11 8 3 1 2 3 4 5 6 0 7 
11 9 2 1 2 3 4 5 0 6 7 
11 9 2 1 2 3 4 5 6 7 0 
