0 0 0 1 7 0 4 5 2 6 3 
9 1 8 1 0 7 4 5 2 6 3 
9 2 7 0 1 7 4 5 2 6 3 
9 2 7 1 2 7 4 5 0 6 3 
8 3 5 1 2 7 4 0 5 6 3 
8 3 5 1 2 7 4 5 6 0 3 
8 4 4 1 2 0 4 5 6 7 3 
8 4 4 1 2 7 4 5 6 3 0 
7 5 2 1 2 7 0 5 6 3 4 
8 6 2 1 2 7 4 0 6 3 5 
9 7 2 0 2 7 4 5 6 3 1 
9 5 4 1 0 2 4 5 6 7 3 
9 7 2 1 2 0 4 5 6 3 7 
9 5 4 1 2 4 0 5 6 7 3 
9 1 8 1 7 4 0 5 2 6 3 
9 1 8 1 7 6 4 5 2 0 3 
10 4 6 0 2 7 4 1 5 6 3 
10 6 4 1 2 0 7 5 6 3 4 
10 6 4 1 2 4 3 5 6 7 0 
9 7 2 1 2 4 3 5 6 0 7 
10 8 2 1 2 4 3 0 6 7 5 
10 2 8 1 7 4 3 5 2 6 0 
9 3 6 1 7 4 3 5 2 0 6 
10 4 6 1 7 4 3 0 2 6 5 
10 2 8 1 7 6 4 5 0 2 3 
10 2 8 1 7 6 4 5 2 3 0 
9 3 6 1 7 6 0 5 2 3 4 
10 4 6 1 7 6 4 0 2 3 5 
11 6 5 0 1 2 4 5 6 7 3 
11 7 4 0 2 4 1 5 6 7 3 
11 9 2 0 2 4 3 5 6 7 1 
11 7 4 0 2 7 1 5 6 3 4 
11 7 4 0 2 7 4 1 6 3 5 
11 3 8 0 7 4 1 5 2 6 3 
11 5 6 0 7 4 3 5 2 6 1 
11 5 6 0 7 6 4 5 2 3 1 
11 9 2 1 2 0 3 5 6 7 4 
11 5 6 1 2 7 4 3 5 6 0 
11 6 5 1 2 7 0 3 5 6 4 
11 6 5 1 2 7 4 3 5 0 6 
11 7 4 1 2 7 4 6 0 3 5 
11 6 5 1 6 2 4 5 0 7 3 
11 4 7 1 7 0 3 5 2 4 6 
11 5 6 1 7 0 3 5 2 6 4 
11 5 6 1 7 0 4 5 2 3 6 
11 4 7 1 7 4 3 5 0 2 6 
11 3 8 5 1 7 4 0 2 6 3 
12 8 4 1 0 2 4 5 6 3 7 
12 3 9 1 0 6 4 5 7 2 3 
12 6 6 1 0 7 4 2 5 6 3 
12 8 4 1 2 0 3 5 6 4 7 
12 8 4 1 2 3 4 5 6 0 7 
11 9 2 1 2 3 4 5 0 6 7 
11 9 2 1 2 3 4 5 6 7 0 
