0 0 0 2 0 7 1 3 4 5 6 
23 1 22 0 2 7 1 3 4 5 6 
23 1 22 2 4 7 1 3 0 5 6 
23 1 22 2 7 0 1 3 4 5 6 
19 1 18 2 4 7 1 0 3 5 6 
19 1 18 2 4 7 1 3 5 0 6 
23 1 22 2 7 1 0 3 4 5 6 
23 1 22 2 7 5 1 3 4 0 6 
23 1 22 3 2 7 1 0 4 5 6 
24 2 22 1 2 7 0 3 4 5 6 
25 3 22 4 2 7 1 3 0 5 6 
17 1 16 2 4 0 1 3 5 7 6 
17 1 16 2 4 7 1 3 5 6 0 
15 1 14 2 7 5 1 3 0 4 6 
15 1 14 2 7 5 1 3 4 6 0 
21 1 20 0 4 7 1 2 3 5 6 
17 1 16 3 2 7 1 4 0 5 6 
17 1 16 1 2 0 7 3 4 5 6 
17 1 16 1 2 7 6 3 4 5 0 
22 2 20 2 4 7 1 6 3 5 0 
18 2 16 3 2 7 1 6 4 5 0 
23 3 20 2 0 7 1 4 3 5 6 
23 3 20 2 4 7 0 1 3 5 6 
19 3 16 3 0 7 1 2 4 5 6 
19 3 16 3 2 7 0 1 4 5 6 
19 3 16 1 2 7 3 0 4 5 6 
19 3 16 1 2 7 5 3 4 0 6 
21 1 20 2 7 1 6 3 4 5 0 
19 1 18 4 0 7 1 3 2 5 6 
19 1 18 4 2 7 1 0 3 5 6 
19 1 18 4 2 7 1 3 5 0 6 
22 2 20 0 7 1 2 3 4 5 6 
23 3 20 2 7 1 3 0 4 5 6 
23 3 20 2 7 1 5 3 4 0 6 
15 1 14 2 4 7 0 3 5 6 1 
13 1 12 2 7 5 0 3 4 6 1 
16 2 14 2 4 7 1 0 5 6 3 
14 2 12 2 7 5 1 0 4 6 3 
17 3 14 0 4 7 1 3 5 6 2 
15 3 12 0 7 5 1 3 4 6 2 
17 1 16 2 0 4 1 3 5 7 6 
17 3 14 2 4 0 1 3 5 6 7 
17 1 16 2 4 1 0 3 5 7 6 
15 3 12 2 7 0 1 3 4 6 5 
11 1 10 1 2 0 5 3 4 7 6 
11 1 10 1 2 7 5 3 0 4 6 
11 1 10 1 2 7 5 3 4 6 0 
13 1 12 1 2 7 6 3 4 0 5 
14 2 12 1 2 7 6 0 4 5 3 
17 1 16 2 0 5 1 3 7 4 6 
17 1 16 2 7 5 1 0 3 4 6 
15 3 12 0 2 7 6 3 4 5 1 
15 3 12 1 2 0 6 3 4 5 7 
15 1 14 3 2 7 0 6 4 5 1 
15 1 14 3 2 7 1 6 4 0 5 
17 1 16 3 0 7 1 4 2 5 6 
17 1 16 3 2 7 1 4 5 0 6 
17 3 14 0 2 7 1 6 4 5 3 
15 1 14 0 2 7 3 1 4 5 6 
17 1 16 1 0 2 7 3 4 5 6 
17 1 16 1 2 5 7 3 4 0 6 
15 1 14 1 2 7 3 4 0 5 6 
17 1 16 2 4 7 0 6 3 5 1 
17 1 16 2 4 7 1 6 3 0 5 
17 3 14 3 2 0 1 6 4 5 7 
17 1 16 0 3 7 1 2 4 5 6 
16 2 14 1 2 7 3 6 4 5 0 
17 1 16 3 4 7 1 2 0 5 6 
17 1 16 3 7 0 1 2 4 5 6 
19 3 16 0 4 7 1 6 3 5 2 
17 3 14 1 0 7 3 2 4 5 6 
19 3 16 2 4 0 1 6 3 5 7 
15 1 14 2 7 0 5 3 4 1 6 
15 1 14 2 7 1 5 3 0 4 6 
15 1 14 2 7 1 5 3 4 6 0 
17 1 16 2 7 1 6 3 4 0 5 
19 1 18 3 2 0 7 1 4 5 6 
19 1 18 3 2 7 6 1 4 5 0 
17 1 16 4 2 0 1 3 5 7 6 
17 1 16 4 2 7 1 3 5 6 0 
18 2 16 2 7 1 6 0 4 5 3 
19 3 16 0 7 1 6 3 4 5 2 
9 1 8 1 2 7 0 3 4 6 5 
19 3 16 2 7 0 6 3 4 5 1 
21 3 18 3 2 7 5 1 4 0 6 
10 2 8 1 2 7 5 0 4 6 3 
23 1 22 0 2 7 1 4 3 5 6 
11 3 8 0 2 7 5 3 4 6 1 
19 1 18 0 7 1 3 2 4 5 6 
11 3 8 1 2 0 5 3 4 6 7 
23 1 22 2 3 7 1 4 0 5 6 
23 1 22 2 4 0 7 1 3 5 6 
23 1 22 2 4 7 6 1 3 5 0 
23 1 22 2 7 0 1 4 3 5 6 
19 1 18 2 7 1 3 4 0 5 6 
25 1 24 4 0 7 1 2 3 5 6 
24 2 22 0 4 7 2 1 3 5 6 
26 2 24 1 4 7 0 2 3 5 6 
20 2 18 2 7 1 3 6 4 5 0 
21 1 20 3 7 1 2 0 4 5 6 
22 2 20 4 2 7 1 6 3 5 0 
21 1 20 7 0 1 2 3 4 5 6 
13 1 12 1 0 2 5 3 4 7 6 
13 1 12 1 0 7 5 3 2 4 6 
13 1 12 1 2 5 0 3 4 7 6 
9 1 8 1 2 5 7 3 0 4 6 
9 1 8 1 2 5 7 3 4 6 0 
13 1 12 1 2 7 5 0 3 4 6 
21 3 18 2 0 1 3 7 4 5 6 
25 3 22 2 4 7 5 1 3 0 6 
23 3 20 4 2 7 0 1 3 5 6 
15 1 14 2 4 1 6 3 5 7 0 
23 3 20 4 7 1 2 3 0 5 6 
16 2 14 0 4 1 2 3 5 7 6 
25 1 24 0 4 7 1 3 2 5 6 
15 1 14 1 2 0 6 3 4 7 5 
15 1 14 1 2 7 6 3 0 4 5 
25 1 24 4 7 0 1 3 2 5 6 
17 1 16 0 2 4 1 3 5 7 6 
11 1 10 1 2 7 0 6 4 5 3 
11 1 10 1 2 7 3 6 4 0 5 
17 1 16 2 0 4 1 3 5 6 7 
17 1 16 2 4 1 0 3 5 6 7 
17 3 14 2 4 1 3 0 5 7 6 
17 3 14 2 4 1 7 3 5 0 6 
17 1 16 2 4 6 1 3 5 0 7 
17 1 16 2 5 4 1 3 0 7 6 
19 1 18 0 7 5 1 2 4 6 3 
15 1 14 1 0 2 6 3 4 5 7 
13 1 12 1 0 7 3 4 2 5 6 
15 1 14 1 2 5 6 3 4 0 7 
15 1 14 1 2 6 0 3 4 5 7 
13 1 12 1 2 7 3 4 5 0 6 
19 1 18 2 7 5 1 4 0 6 3 
13 3 10 0 2 7 3 6 4 5 1 
13 3 10 1 2 0 3 6 4 5 7 
21 1 20 2 7 0 5 3 4 6 1 
15 1 14 3 2 0 1 4 5 7 6 
15 1 14 3 2 7 1 4 5 6 0 
19 1 18 3 7 5 1 0 4 6 2 
19 1 18 7 0 5 1 3 4 6 2 
21 1 20 0 4 7 1 2 5 6 3 
22 2 20 0 7 5 2 3 4 6 1 
20 2 18 1 7 5 0 3 4 6 2 
21 3 18 2 0 5 1 7 4 6 3 
21 1 20 2 4 7 1 5 0 6 3 
21 3 18 2 7 5 0 1 4 6 3 
17 1 16 3 2 0 1 6 4 7 5 
17 1 16 3 2 7 1 6 0 4 5 
19 1 18 0 2 7 6 1 4 5 3 
19 1 18 0 7 5 1 2 3 4 6 
7 1 6 1 2 5 0 3 4 6 7 
19 1 18 1 2 7 6 4 0 5 3 
23 1 22 2 4 0 7 3 5 6 1 
13 1 12 2 7 1 0 3 4 6 5 
23 3 20 2 7 5 3 0 4 6 1 
23 3 20 2 7 5 6 3 4 0 1 
21 3 18 4 7 5 1 3 0 6 2 
17 1 16 0 1 2 7 3 4 5 6 
15 1 14 0 1 7 3 2 4 5 6 
24 2 22 0 4 7 2 3 5 6 1 
8 2 6 1 2 5 7 0 4 6 3 
17 1 16 1 4 2 7 3 0 5 6 
15 1 14 1 4 7 3 2 0 5 6 
15 1 14 1 7 0 3 2 4 5 6 
23 3 20 2 0 7 1 4 5 6 3 
23 3 20 2 4 7 0 1 5 6 3 
14 2 12 2 7 1 5 0 4 6 3 
20 2 18 2 7 5 1 6 3 4 0 
17 1 16 3 0 2 1 6 4 5 7 
17 1 16 3 2 1 0 6 4 5 7 
17 1 16 3 2 5 1 6 4 0 7 
21 1 20 0 2 5 1 3 7 4 6 
9 3 6 0 2 5 7 3 4 6 1 
19 1 18 0 3 7 1 4 2 5 6 
15 3 12 0 7 1 5 3 4 6 2 
21 3 18 1 0 7 6 2 4 5 3 
9 3 6 1 2 0 7 3 4 6 5 
21 3 18 2 0 5 1 7 3 4 6 
23 1 22 2 0 7 1 3 4 6 5 
17 1 16 2 3 7 1 0 4 5 6 
25 3 22 2 4 7 3 0 5 6 1 
25 3 22 2 4 7 6 3 5 0 1 
21 1 20 2 5 0 1 3 7 4 6 
21 3 18 2 7 5 0 1 3 4 6 
23 1 22 2 7 6 1 3 4 0 5 
13 1 12 3 2 0 5 1 4 7 6 
13 1 12 3 2 7 5 1 0 4 6 
13 1 12 3 2 7 5 1 4 6 0 
17 1 16 3 4 7 1 0 2 5 6 
17 1 16 3 4 7 1 2 5 0 6 
19 1 18 3 7 0 1 4 2 5 6 
17 1 16 3 7 1 0 2 4 5 6 
17 1 16 3 7 5 1 2 4 0 6 
15 1 14 4 2 7 0 3 5 6 1 
18 2 16 1 3 7 0 2 4 5 6 
19 1 18 2 4 0 1 6 3 7 5 
19 1 18 2 4 7 1 6 0 3 5 
16 2 14 4 2 7 1 0 5 6 3 
17 3 14 0 2 7 1 3 5 6 4 
13 1 12 1 0 2 5 3 4 6 7 
11 1 10 1 0 5 7 3 2 4 6 
11 1 10 1 2 5 7 0 3 4 6 
13 1 12 1 2 6 5 3 4 0 7 
17 1 16 2 0 1 5 3 7 4 6 
17 1 16 2 7 1 5 0 3 4 6 
17 1 16 3 2 7 6 1 4 0 5 
25 1 24 3 4 7 1 0 5 6 2 
17 1 16 4 0 2 1 3 5 7 6 
25 1 24 4 0 7 1 3 5 6 2 
17 3 14 4 2 0 1 3 5 6 7 
17 1 16 4 2 1 0 3 5 7 6 
19 3 16 4 3 7 1 2 0 5 6 
15 1 14 0 2 7 5 1 4 6 3 
15 1 14 1 2 7 5 4 0 6 3 
26 2 24 1 4 7 0 3 5 6 2 
19 1 18 2 0 4 1 6 3 5 7 
19 1 18 2 4 1 0 6 3 5 7 
11 1 10 2 4 1 6 3 5 0 7 
19 1 18 2 4 5 1 6 3 0 7 
23 1 22 3 2 0 7 6 4 5 1 
18 2 16 3 2 7 6 0 4 5 1 
13 1 12 1 2 5 6 3 4 7 0 
12 2 10 2 4 1 6 0 5 7 3 
19 1 18 2 7 0 6 3 4 1 5 
19 1 18 2 7 1 6 3 0 4 5 
19 1 18 3 0 2 7 1 4 5 6 
19 3 16 3 2 0 6 1 4 5 7 
19 1 18 3 2 5 7 1 4 0 6 
27 3 24 5 4 7 1 3 0 6 2 
14 2 12 0 2 5 1 3 4 7 6 
18 2 16 0 2 7 1 3 4 6 5 
13 3 10 0 4 1 6 3 5 7 2 
17 3 14 1 0 7 5 2 4 6 3 
17 3 14 1 2 7 0 5 4 6 3 
23 1 22 2 0 7 3 1 4 5 6 
13 3 10 2 4 0 6 3 5 7 1 
15 1 14 2 7 1 0 6 4 5 3 
15 1 14 2 7 1 3 6 4 0 5 
25 3 22 3 2 7 5 6 4 0 1 
15 1 14 3 7 1 2 4 0 5 6 
15 1 14 0 1 2 5 3 4 7 6 
15 1 14 0 1 7 5 3 2 4 6 
15 1 14 0 2 7 5 1 3 4 6 
11 1 10 1 2 0 3 4 5 7 6 
15 3 12 1 2 5 3 0 4 7 6 
11 1 10 1 2 5 6 3 0 4 7 
19 3 16 1 2 7 3 0 4 6 5 
11 1 10 1 2 7 3 4 5 6 0 
15 1 14 1 4 2 5 3 0 7 6 
15 1 14 1 7 0 5 3 2 4 6 
17 1 16 2 0 1 3 4 7 5 6 
17 1 16 2 3 7 1 4 5 0 6 
17 1 16 2 7 1 3 4 5 0 6 
16 2 14 3 7 1 2 6 4 5 0 
13 1 12 0 4 1 3 2 5 7 6 
17 3 14 0 7 1 3 6 4 5 2 
13 1 12 1 2 0 3 6 4 7 5 
13 1 12 1 2 7 3 6 0 4 5 
16 2 14 1 2 7 5 6 3 4 0 
25 1 24 2 0 7 1 6 4 5 3 
27 1 26 2 0 7 6 3 4 5 1 
25 1 24 2 4 0 7 6 3 5 1 
13 1 12 2 4 1 3 5 0 7 6 
17 3 14 2 7 0 3 6 4 5 1 
17 3 14 3 0 1 2 7 4 5 6 
17 1 16 4 2 7 0 6 3 5 1 
17 1 16 4 2 7 1 6 3 0 5 
25 3 22 4 2 7 3 1 0 5 6 
25 1 24 6 2 7 1 0 4 5 3 
26 2 24 0 4 7 2 6 3 5 1 
15 1 14 1 0 2 6 3 4 7 5 
17 3 14 1 0 7 5 2 3 4 6 
15 1 14 1 2 6 0 3 4 7 5 
17 3 14 1 2 7 0 5 3 4 6 
23 1 22 2 0 7 5 3 4 1 6 
14 2 12 2 4 1 3 6 5 7 0 
19 1 18 2 4 7 6 1 3 0 5 
23 1 22 2 7 5 0 3 4 1 6 
28 2 26 6 2 7 0 3 4 5 1 
19 1 18 7 0 1 3 2 4 5 6 
19 3 16 0 2 7 1 6 3 5 4 
23 1 22 0 7 1 6 2 4 5 3 
13 1 12 1 0 2 3 6 4 5 7 
13 1 12 1 2 3 0 6 4 5 7 
13 1 12 1 2 5 3 6 4 0 7 
19 1 18 1 4 0 7 2 3 5 6 
19 1 18 1 4 7 6 2 3 5 0 
15 3 12 2 0 1 3 4 5 7 6 
15 1 14 2 4 0 7 3 5 1 6 
15 1 14 2 4 1 7 3 0 5 6 
15 1 14 2 4 1 7 3 5 6 0 
15 1 14 2 4 6 1 3 0 5 7 
15 1 14 2 4 6 1 3 5 7 0 
27 3 24 2 4 7 5 6 3 0 1 
27 3 24 2 4 7 6 0 3 5 1 
15 1 14 2 5 4 1 0 3 7 6 
15 1 14 2 5 4 1 3 7 0 6 
23 1 22 2 7 1 6 4 0 5 3 
13 1 12 3 2 7 0 4 5 6 1 
9 1 8 3 7 5 1 2 0 4 6 
9 1 8 3 7 5 1 2 4 6 0 
13 1 12 3 7 5 1 4 0 6 2 
19 3 16 4 2 0 1 6 3 5 7 
27 3 24 4 2 7 1 6 0 5 3 
29 3 26 4 2 7 6 3 0 5 1 
19 1 18 0 2 1 3 7 4 5 6 
16 2 14 0 4 1 2 3 5 6 7 
21 3 18 0 4 7 6 1 3 5 2 
17 1 16 1 0 7 6 3 2 4 5 
15 1 14 1 2 6 7 3 4 5 0 
17 1 16 1 2 7 6 0 3 4 5 
13 1 12 1 7 0 5 3 4 6 2 
13 1 12 1 7 5 2 3 4 6 0 
19 1 18 2 1 0 3 7 4 5 6 
19 1 18 2 4 0 5 1 3 7 6 
21 3 18 2 4 0 6 1 3 5 7 
19 1 18 2 4 1 3 7 0 5 6 
19 1 18 2 4 7 5 1 0 3 6 
19 1 18 2 4 7 5 1 3 6 0 
14 2 12 3 2 7 1 0 5 6 4 
21 3 18 4 7 1 3 2 0 5 6 
17 1 16 0 2 4 1 3 5 6 7 
16 2 14 0 2 6 1 3 4 5 7 
15 3 12 0 2 7 1 4 5 6 3 
21 3 18 1 4 7 2 0 3 5 6 
21 3 18 1 4 7 5 2 3 0 6 
25 3 22 2 0 1 6 7 4 5 3 
17 3 14 2 4 1 3 0 5 6 7 
17 1 16 2 5 4 1 3 0 6 7 
15 1 14 3 0 2 1 4 5 7 6 
15 3 12 3 0 5 1 7 4 6 2 
15 3 12 3 2 0 1 4 5 6 7 
15 1 14 3 2 1 0 4 5 7 6 
17 1 16 3 2 4 1 0 5 7 6 
11 1 10 3 2 7 0 1 4 6 5 
15 3 12 3 7 5 0 1 4 6 2 
21 1 20 7 1 0 2 3 4 5 6 
21 1 20 7 4 1 2 3 0 5 6 
17 1 16 0 1 2 6 3 4 5 7 
17 1 16 0 1 7 3 4 2 5 6 
14 2 12 0 2 5 1 3 4 6 7 
13 1 12 0 2 5 7 1 4 6 3 
18 2 16 1 2 4 0 3 5 7 6 
13 1 12 1 2 5 7 4 0 6 3 
17 3 14 1 2 6 3 0 4 5 7 
11 1 10 1 3 0 7 2 4 5 6 
11 1 10 1 3 7 6 2 4 5 0 
17 1 16 1 4 2 6 3 0 5 7 
17 1 16 1 7 0 3 4 2 5 6 
15 3 12 1 7 5 3 0 4 6 2 
15 3 12 1 7 5 6 3 4 0 2 
23 1 22 2 0 4 7 1 3 5 6 
23 1 22 2 0 7 5 3 4 6 1 
23 1 22 2 4 5 7 1 3 0 6 
23 1 22 2 7 1 0 4 3 5 6 
23 1 22 2 7 5 1 4 3 0 6 
13 1 12 3 2 5 1 6 0 4 7 
13 1 12 3 2 5 1 6 4 7 0 
23 1 22 3 2 7 5 0 4 6 1 
19 1 18 3 4 1 2 0 5 7 6 
25 1 24 3 7 1 6 0 4 5 2 
19 1 18 4 0 1 2 3 5 7 6 
25 1 24 7 0 1 6 3 4 5 2 
19 1 18 1 2 0 7 6 4 5 3 
15 3 12 1 2 5 3 0 4 6 7 
11 1 10 1 2 6 5 3 0 4 7 
11 1 10 1 2 6 5 3 4 7 0 
24 2 22 1 2 7 0 4 3 5 6 
13 3 10 3 2 0 5 1 4 6 7 
21 1 20 4 0 1 2 3 7 5 6 
29 1 28 4 0 7 1 6 3 5 2 
21 1 20 4 7 1 2 0 3 5 6 
21 1 20 4 7 1 2 3 5 0 6 
19 3 16 5 2 4 1 3 0 7 6 
24 2 22 5 2 7 0 3 4 6 1 
29 1 28 6 4 7 1 0 3 5 2 
26 2 24 6 7 1 0 3 4 5 2 
15 3 12 1 0 5 7 2 4 6 3 
15 3 12 1 2 5 0 7 4 6 3 
10 2 8 1 2 5 6 0 4 7 3 
13 3 10 1 3 7 2 0 4 5 6 
13 3 10 1 3 7 5 2 4 0 6 
15 1 14 1 4 2 7 0 3 5 6 
15 1 14 1 4 2 7 3 5 0 6 
30 2 28 1 4 7 0 6 3 5 2 
15 1 14 1 4 7 3 0 2 5 6 
15 1 14 1 4 7 3 2 5 0 6 
15 1 14 1 7 3 0 2 4 5 6 
15 1 14 1 7 5 3 2 4 0 6 
19 1 18 2 0 5 1 4 7 6 3 
19 1 18 2 7 5 1 4 6 0 3 
27 1 26 2 7 6 0 3 4 5 1 
17 1 16 3 0 2 1 6 4 7 5 
17 1 16 3 2 1 0 6 4 7 5 
15 1 14 3 2 1 7 6 4 5 0 
23 1 22 4 2 0 7 1 3 5 6 
25 3 22 4 2 7 5 3 0 6 1 
23 1 22 4 2 7 6 1 3 5 0 
25 1 24 4 7 0 1 2 3 5 6 
27 3 24 4 7 1 6 3 0 5 2 
21 3 18 5 4 1 2 3 0 7 6 
19 1 18 7 0 5 1 2 4 6 3 
13 1 12 0 1 5 7 3 2 4 6 
16 2 14 0 2 1 3 6 4 5 7 
11 3 8 0 2 5 6 3 4 7 1 
13 1 12 0 2 5 7 1 3 4 6 
24 2 22 0 2 7 4 1 3 5 6 
17 1 16 1 0 7 6 4 2 5 3 
9 1 8 1 2 7 0 4 5 6 3 
21 3 18 1 2 7 5 6 4 0 3 
17 1 16 1 2 7 6 4 5 0 3 
13 1 12 1 5 0 7 3 2 4 6 
20 2 18 1 7 5 0 2 4 6 3 
15 1 14 3 0 7 5 1 2 4 6 
11 1 10 3 2 5 7 1 0 4 6 
11 1 10 3 2 5 7 1 4 6 0 
15 1 14 3 2 7 5 0 1 4 6 
15 1 14 3 4 0 1 2 5 7 6 
15 1 14 3 4 7 1 2 5 6 0 
31 3 28 3 4 7 1 6 0 5 2 
15 1 14 3 7 1 6 2 4 5 0 
19 1 18 7 4 5 1 3 0 6 2 
19 1 18 7 5 0 1 3 4 6 2 
14 2 12 1 2 5 7 6 3 4 0 
10 2 8 1 2 7 3 0 5 6 4 
19 1 18 2 0 7 1 5 4 6 3 
17 1 16 2 1 7 3 0 4 5 6 
13 1 12 2 4 0 6 3 5 1 7 
13 1 12 2 4 1 6 3 0 5 7 
19 1 18 2 4 7 1 5 6 0 3 
17 1 16 2 7 5 0 6 3 4 1 
17 1 16 2 7 5 1 6 3 0 4 
19 1 18 3 0 7 1 6 2 4 5 
17 3 14 3 2 1 5 6 4 0 7 
17 3 14 3 2 1 6 0 4 5 7 
19 1 18 3 2 7 1 0 6 4 5 
7 1 6 3 7 5 0 2 4 6 1 
25 3 22 4 2 7 5 1 3 0 6 
21 3 18 4 7 5 1 2 0 6 3 
15 1 14 0 1 2 5 3 4 6 7 
11 1 10 0 2 5 3 1 4 7 6 
11 3 8 0 2 7 3 4 5 6 1 
19 1 18 0 7 5 3 2 4 6 1 
11 1 10 1 0 2 3 4 5 7 6 
17 1 16 1 0 2 7 3 4 6 5 
15 3 12 1 0 5 7 2 3 4 6 
11 3 8 1 2 0 3 4 5 6 7 
11 1 10 1 2 3 0 4 5 7 6 
15 3 12 1 2 5 0 7 3 4 6 
11 1 10 1 2 5 3 4 0 7 6 
17 1 16 1 2 6 7 3 4 0 5 
11 1 10 1 4 2 5 0 3 7 6 
15 1 14 1 4 2 5 3 0 6 7 
11 1 10 1 4 2 5 3 7 0 6 
7 1 6 1 7 5 2 3 4 0 6 
9 1 8 2 4 1 0 6 5 7 3 
9 1 8 2 4 1 3 6 5 0 7 
19 1 18 2 7 5 3 4 0 6 1 
17 1 16 3 0 2 5 1 4 7 6 
18 2 16 3 1 7 0 2 4 5 6 
17 1 16 3 2 5 0 1 4 7 6 
17 3 14 3 7 1 5 2 4 0 6 
19 1 18 4 0 5 1 3 7 6 2 
27 1 26 4 0 7 2 1 3 5 6 
15 1 14 4 2 1 6 3 5 7 0 
19 1 18 4 7 5 1 0 3 6 2 
19 1 18 4 7 5 1 3 6 0 2 
19 1 18 7 0 5 1 2 3 4 6 
16 2 14 0 2 1 4 3 5 7 6 
21 1 20 0 2 5 1 7 4 6 3 
19 1 18 0 3 2 1 6 4 5 7 
19 1 18 0 7 1 5 2 4 6 3 
19 3 16 0 7 5 1 6 3 4 2 
15 1 14 1 0 7 5 4 2 6 3 
9 1 8 1 2 5 3 6 0 4 7 
12 2 10 1 2 5 3 6 4 7 0 
15 1 14 1 2 7 5 4 6 0 3 
20 2 18 1 7 5 0 2 3 4 6 
8 2 6 1 7 5 2 0 4 6 3 
11 1 10 2 0 1 3 5 4 7 6 
18 2 16 2 3 7 1 6 4 5 0 
11 1 10 2 4 1 3 5 7 0 6 
15 1 14 2 4 5 1 6 0 3 7 
15 1 14 2 4 5 1 6 3 7 0 
21 1 20 2 4 5 1 7 0 6 3 
21 1 20 2 5 0 1 7 4 6 3 
19 3 16 2 7 0 1 6 3 4 5 
21 1 20 2 7 0 5 1 4 6 3 
19 1 18 2 7 1 5 4 0 6 3 
21 1 20 2 7 5 3 1 4 6 0 
19 1 18 3 1 2 7 0 4 5 6 
19 1 18 3 4 2 1 6 0 5 7 
9 3 6 3 7 0 1 2 4 6 5 
21 1 20 3 7 5 2 0 4 6 1 
19 3 16 4 1 7 3 2 0 5 6 
25 1 24 4 7 1 0 3 2 5 6 
25 1 24 4 7 5 1 3 2 0 6 
21 1 20 7 0 5 2 3 4 6 1 
11 3 8 0 4 1 3 6 5 7 2 
22 2 20 0 7 5 2 1 4 6 3 
13 3 10 1 0 5 3 2 4 7 6 
13 1 12 1 0 5 6 3 2 4 7 
13 1 12 1 2 5 6 0 3 4 7 
5 1 4 1 3 0 5 2 4 7 6 
5 1 4 1 3 7 5 2 0 4 6 
5 1 4 1 3 7 5 2 4 6 0 
26 2 24 1 4 7 0 3 2 5 6 
9 3 6 1 7 0 2 3 4 6 5 
21 3 18 2 0 5 3 7 4 6 1 
19 3 16 2 3 7 0 1 4 5 6 
11 3 8 2 4 0 3 6 5 7 1 
21 1 20 2 7 5 6 3 0 4 1 
21 1 20 2 7 5 6 3 4 1 0 
23 1 22 2 7 6 5 3 4 0 1 
29 3 26 3 4 7 2 1 0 5 6 
19 1 18 3 7 1 0 4 2 5 6 
13 1 12 3 7 1 0 6 4 5 2 
13 1 12 3 7 1 2 6 4 0 5 
19 1 18 3 7 1 5 0 4 6 2 
19 1 18 3 7 5 1 4 2 0 6 
17 1 16 4 0 2 1 3 5 6 7 
17 1 16 4 2 1 0 3 5 6 7 
17 3 14 4 2 1 3 0 5 7 6 
17 3 14 4 2 1 7 3 5 0 6 
17 1 16 4 2 6 1 3 5 0 7 
19 1 18 4 3 7 1 0 2 5 6 
17 1 16 4 3 7 1 2 5 0 6 
19 1 18 7 0 1 5 3 4 6 2 
20 2 18 7 1 2 0 3 4 5 6 
15 1 14 0 1 7 5 2 4 6 3 
22 2 20 0 7 1 2 3 4 6 5 
13 1 12 1 0 2 3 6 4 7 5 
13 1 12 1 2 3 0 6 4 7 5 
11 1 10 1 2 3 7 6 4 5 0 
13 1 12 1 2 7 0 6 3 4 5 
13 1 12 1 2 7 5 6 3 0 4 
20 2 18 1 3 7 0 4 2 5 6 
15 1 14 1 4 7 5 2 0 6 3 
15 1 14 1 7 0 5 2 4 6 3 
21 3 18 2 0 1 5 7 4 6 3 
19 1 18 2 0 4 1 6 3 7 5 
19 1 18 2 4 1 0 6 3 7 5 
17 1 16 2 4 1 7 6 3 5 0 
21 3 18 2 7 1 0 5 4 6 3 
23 3 20 2 7 5 6 1 4 0 3 
15 1 14 3 0 1 2 4 7 5 6 
11 1 10 3 0 5 1 2 7 4 6 
20 2 18 3 4 7 1 6 2 5 0 
15 1 14 3 7 1 2 4 5 0 6 
11 1 10 3 7 5 1 0 2 4 6 
21 3 18 4 1 2 7 3 0 5 6 
23 3 20 4 7 5 2 3 0 6 1 
20 2 18 5 7 1 0 3 4 6 2 
21 1 20 0 1 7 6 2 4 5 3 
19 1 18 0 2 1 5 3 7 4 6 
12 2 10 0 2 3 1 6 4 5 7 
21 1 20 0 2 5 1 7 3 4 6 
15 1 14 0 2 7 3 1 4 6 5 
18 2 16 0 4 1 2 6 3 5 7 
17 1 16 0 4 1 6 2 5 7 3 
19 1 18 0 4 2 1 3 5 7 6 
21 1 20 0 4 7 3 2 5 6 1 
15 3 12 0 7 1 2 6 4 5 3 
19 1 18 0 7 1 5 2 3 4 6 
15 1 14 1 2 7 3 4 0 6 5 
9 1 8 1 3 7 6 2 4 0 5 
21 1 20 1 4 7 6 2 0 5 3 
21 1 20 1 7 0 6 2 4 5 3 
15 1 14 1 7 4 5 3 2 0 6 
15 1 14 1 7 5 0 3 2 4 6 
7 1 6 1 7 5 3 2 0 4 6 
7 1 6 1 7 5 3 2 4 6 0 
23 1 22 2 0 4 7 3 5 6 1 
21 1 20 2 0 5 7 3 4 6 1 
25 1 24 2 0 7 3 6 4 5 1 
19 1 18 2 1 0 5 3 7 4 6 
15 1 14 2 3 0 1 4 5 7 6 
21 1 20 2 3 5 1 7 0 4 6 
15 1 14 2 3 7 1 4 5 6 0 
17 1 16 2 4 1 6 5 0 7 3 
23 1 22 2 4 6 7 3 5 0 1 
21 1 20 2 4 7 3 5 0 6 1 
21 1 20 2 4 7 6 3 0 5 1 
21 1 20 2 4 7 6 3 5 1 0 
21 1 20 2 5 0 1 7 3 4 6 
21 1 20 2 5 1 0 3 7 4 6 
15 1 14 2 7 0 3 4 5 1 6 
21 1 20 2 7 0 5 1 3 4 6 
23 3 20 2 7 1 3 0 4 6 5 
15 1 14 2 7 1 3 4 5 6 0 
21 1 20 2 7 5 6 1 3 4 0 
21 1 20 2 7 6 1 3 0 4 5 
21 1 20 2 7 6 1 3 4 5 0 
19 1 18 3 2 0 6 1 4 7 5 
21 1 20 3 2 5 1 0 7 4 6 
21 1 20 3 2 5 7 0 4 6 1 
19 1 18 3 2 7 6 1 0 4 5 
21 3 18 3 4 7 0 1 2 5 6 
19 1 18 3 4 7 1 5 0 6 2 
15 3 12 3 7 0 2 6 4 5 1 
19 1 18 4 5 2 1 3 0 7 6 
21 3 18 4 7 1 5 3 0 6 2 
25 1 24 6 2 7 3 0 4 5 1 
19 1 18 0 2 4 1 6 3 5 7 
15 3 12 0 2 7 5 6 3 4 1 
22 2 20 0 7 5 2 1 3 4 6 
15 1 14 1 0 7 3 6 2 4 5 
15 3 12 1 2 0 5 6 3 4 7 
17 1 16 1 2 0 7 5 4 6 3 
13 3 10 1 2 3 5 6 4 0 7 
13 3 10 1 2 3 6 0 4 5 7 
22 2 20 1 2 5 0 3 7 4 6 
15 1 14 1 2 7 3 0 6 4 5 
17 1 16 1 2 7 3 5 4 6 0 
3 1 2 1 3 7 0 2 4 6 5 
3 1 2 1 3 7 5 2 4 0 6 
10 2 8 1 3 7 6 0 4 5 2 
19 1 18 1 4 0 7 3 5 6 2 
19 1 18 1 4 7 2 3 5 6 0 
21 1 20 2 0 7 1 6 4 3 5 
19 1 18 2 3 4 1 6 0 5 7 
23 1 22 2 4 0 7 1 5 6 3 
19 3 16 2 4 1 5 6 3 0 7 
19 3 16 2 4 1 6 0 3 5 7 
13 1 12 2 4 6 0 3 5 7 1 
21 1 20 2 4 7 1 0 6 3 5 
23 1 22 2 4 7 3 1 5 6 0 
23 1 22 2 5 7 1 4 0 6 3 
23 1 22 2 7 0 1 4 5 6 3 
17 1 16 2 7 0 3 6 4 1 5 
17 1 16 2 7 1 3 6 0 4 5 
20 2 18 2 7 1 5 6 3 4 0 
13 1 12 3 0 5 1 4 7 6 2 
17 1 16 3 2 0 5 6 4 7 1 
17 1 16 3 2 7 5 6 0 4 1 
17 1 16 3 2 7 5 6 4 1 0 
13 1 12 3 7 5 1 4 6 0 2 
25 1 24 4 0 7 1 2 5 6 3 
21 1 20 4 2 7 1 5 0 6 3 
22 2 20 7 2 5 0 3 4 6 1 
15 1 14 0 1 7 5 2 3 4 6 
17 1 16 0 2 1 3 4 7 5 6 
18 2 16 0 2 7 1 5 4 6 3 
19 1 18 0 3 2 7 1 4 5 6 
11 3 8 0 3 7 6 2 4 5 1 
24 2 22 0 4 7 2 1 5 6 3 
11 1 10 0 7 5 3 1 4 6 2 
11 1 10 1 0 3 7 2 4 5 6 
17 3 14 1 0 7 3 2 4 6 5 
11 1 10 1 2 0 4 3 5 7 6 
11 1 10 1 2 4 6 3 5 7 0 
10 2 8 1 2 6 5 0 4 7 3 
11 3 8 1 3 0 6 2 4 5 7 
11 1 10 1 3 5 7 2 4 0 6 
4 2 2 1 3 7 5 0 4 6 2 
26 2 24 1 4 7 0 2 5 6 3 
15 1 14 1 7 0 5 2 3 4 6 
11 1 10 1 7 5 3 4 0 6 2 
21 3 18 2 0 1 5 7 3 4 6 
19 3 16 2 0 1 6 4 5 7 3 
23 3 20 2 0 7 3 4 5 6 1 
17 1 16 2 1 0 3 4 7 5 6 
14 2 12 2 4 1 7 0 5 6 3 
14 2 12 2 4 6 1 0 5 7 3 
23 1 22 2 4 7 1 3 0 6 5 
21 3 18 2 7 1 0 5 3 4 6 
23 3 20 2 7 5 4 1 3 0 6 
19 1 18 3 0 2 6 1 4 5 7 
21 3 18 3 0 7 1 4 5 6 2 
17 1 16 3 1 2 5 0 4 7 6 
17 1 16 3 1 7 5 0 2 4 6 
11 1 10 3 2 5 0 6 4 7 1 
19 1 18 3 2 5 6 1 4 0 7 
19 1 18 3 2 6 0 1 4 5 7 
19 1 18 3 4 2 7 1 0 5 6 
21 3 18 3 4 7 0 1 5 6 2 
23 1 22 4 2 0 7 3 5 6 1 
23 3 20 4 2 5 7 3 0 6 1 
27 3 24 4 2 7 3 6 0 5 1 
19 1 18 5 0 7 1 3 4 6 2 
19 1 18 5 4 7 1 0 3 6 2 
19 1 18 5 4 7 1 3 6 0 2 
23 3 20 7 2 5 1 3 0 4 6 
15 1 14 0 1 2 3 6 4 5 7 
15 1 14 0 2 1 3 4 5 7 6 
11 1 10 0 2 5 3 1 4 6 7 
16 2 14 0 2 6 1 3 4 7 5 
11 3 8 0 2 6 5 3 4 7 1 
24 2 22 0 2 7 4 3 5 6 1 
17 1 16 0 3 1 2 7 4 5 6 
5 3 2 0 3 7 5 2 4 6 1 
13 1 12 0 4 1 3 2 5 6 7 
15 3 12 0 4 1 7 3 5 6 2 
15 3 12 0 4 6 1 3 5 7 2 
11 1 10 1 2 5 3 4 0 6 7 
14 2 12 1 2 6 7 0 4 5 3 
19 3 16 1 2 7 6 5 4 0 3 
5 3 2 1 3 0 5 2 4 6 7 
13 1 12 1 4 0 5 2 3 7 6 
15 1 14 1 4 2 3 6 0 5 7 
21 3 18 1 4 7 3 0 5 6 2 
13 1 12 1 4 7 5 2 0 3 6 
13 1 12 1 4 7 5 2 3 6 0 
21 3 18 1 4 7 6 3 5 0 2 
19 1 18 2 0 5 1 3 4 7 6 
15 1 14 2 1 0 3 4 5 7 6 
13 1 12 2 4 1 3 5 0 6 7 
25 3 22 2 4 7 6 1 5 0 3 
15 1 14 2 5 1 3 4 0 7 6 
15 1 14 2 5 4 1 3 7 6 0 
17 1 16 3 1 0 2 7 4 5 6 
13 1 12 3 2 1 6 4 5 7 0 
13 1 12 3 2 4 1 5 0 7 6 
9 1 8 3 2 5 0 1 4 6 7 
19 1 18 3 2 5 1 0 4 7 6 
17 1 16 3 4 1 2 7 0 5 6 
23 3 20 4 2 7 0 1 5 6 3 
18 2 16 5 1 2 0 3 4 7 6 
18 2 16 5 1 7 0 3 2 4 6 
27 3 24 5 4 7 1 2 0 6 3 
17 1 16 0 1 2 6 3 4 7 5 
13 3 10 0 2 5 1 6 4 7 3 
13 1 12 0 2 6 3 1 4 5 7 
15 3 12 0 2 6 7 3 4 5 1 
11 1 10 0 3 7 2 1 4 5 6 
13 3 10 1 0 5 3 7 4 6 2 
13 1 12 1 0 5 7 4 2 6 3 
15 1 14 1 0 7 5 3 4 6 2 
17 1 16 1 2 0 7 5 3 4 6 
13 3 10 1 2 4 3 0 5 7 6 
13 3 10 1 2 4 7 3 5 0 6 
7 1 6 1 2 5 0 6 4 7 3 
12 2 10 1 2 5 3 7 4 6 0 
13 1 12 1 2 5 7 4 6 0 3 
17 3 14 1 2 6 3 0 4 7 5 
13 1 12 1 2 6 3 4 0 5 7 
17 1 16 1 2 7 6 5 3 4 0 
11 1 10 1 3 7 2 4 0 5 6 
13 1 12 1 4 2 6 0 3 5 7 
17 1 16 1 4 2 6 3 0 7 5 
13 1 12 1 4 2 6 3 5 0 7 
13 1 12 1 7 0 6 3 4 5 2 
13 1 12 1 7 5 6 3 0 4 2 
13 1 12 1 7 5 6 3 4 2 0 
15 1 14 1 7 6 5 3 4 0 2 
21 1 20 2 0 1 6 3 7 4 5 
23 1 22 2 0 7 1 3 5 6 4 
27 1 26 2 0 7 6 1 4 5 3 
19 3 16 2 1 7 5 3 0 4 6 
15 1 14 2 4 1 3 0 7 5 6 
15 1 14 2 4 1 3 7 5 0 6 
14 2 12 2 4 1 3 7 5 6 0 
21 1 20 2 7 1 6 0 3 4 5 
14 2 12 3 2 4 1 6 5 7 0 
19 3 16 4 1 2 5 3 0 7 6 
25 3 22 4 2 7 3 0 5 6 1 
25 3 22 4 2 7 6 3 5 0 1 
18 2 16 0 2 7 1 5 3 4 6 
15 1 14 0 3 5 1 7 4 6 2 
17 1 16 0 5 4 1 2 3 7 6 
13 3 10 1 0 5 3 2 4 6 7 
9 1 8 1 0 5 3 4 2 7 6 
13 1 12 1 0 6 5 3 2 4 7 
9 1 8 1 2 3 6 4 5 7 0 
9 1 8 1 2 5 3 4 7 0 6 
14 2 12 1 2 6 3 7 4 5 0 
13 1 12 1 2 6 5 0 3 4 7 
24 2 22 1 2 7 0 3 5 6 4 
3 1 2 1 3 0 7 2 4 5 6 
3 1 2 1 3 5 7 2 0 4 6 
3 1 2 1 3 5 7 2 4 6 0 
