0 0 0 7 4 0 3 6 5 2 1 
0 0 8 7 0 4 3 6 5 2 1 
0 0 8 0 7 4 3 6 5 2 1 
0 0 8 3 7 4 0 6 5 2 1 
0 0 8 3 7 0 4 6 5 2 1 
0 0 7 3 0 7 4 6 5 2 1 
0 0 7 0 3 7 4 6 5 2 1 
0 0 7 3 5 7 4 6 0 2 1 
0 0 7 3 5 7 4 0 6 2 1 
0 0 6 0 5 7 4 3 6 2 1 
0 0 6 3 0 7 4 5 6 2 1 
0 0 5 0 3 7 4 5 6 2 1 
0 0 5 3 6 7 4 5 0 2 1 
0 0 5 3 7 0 4 5 6 2 1 
0 0 5 3 7 2 4 5 6 0 1 
0 0 5 3 7 2 4 5 0 6 1 
0 0 5 3 7 2 4 5 6 1 0 
0 0 4 0 7 2 4 5 6 1 3 
0 0 4 3 7 0 4 5 6 1 2 
0 0 4 3 7 2 0 5 6 1 4 
0 0 4 3 7 2 4 0 6 1 5 
0 0 5 3 0 7 4 5 6 1 2 
0 0 5 0 3 7 4 5 6 1 2 
0 0 5 3 6 7 4 5 0 1 2 
0 0 5 3 7 1 4 5 6 0 2 
0 0 5 3 7 1 4 5 0 6 2 
0 0 5 3 7 1 4 5 6 2 0 
0 0 4 0 7 1 4 5 6 2 3 
0 0 4 3 7 1 0 5 6 2 4 
0 0 4 3 7 1 4 0 6 2 5 
0 0 5 3 7 4 0 5 6 1 2 
0 0 5 3 7 4 0 5 6 2 1 
0 0 5 4 3 7 0 5 6 1 2 
0 0 5 4 3 7 0 5 6 2 1 
0 0 5 4 7 1 0 5 6 2 3 
0 0 5 4 7 2 0 5 6 1 3 
0 0 5 5 3 7 4 0 6 1 2 
0 0 5 5 3 7 4 0 6 2 1 
0 0 5 5 7 1 4 0 6 2 3 
0 0 5 5 7 2 4 0 6 1 3 
0 0 5 6 3 7 4 5 0 1 2 
0 0 5 6 3 7 4 5 0 2 1 
0 0 5 6 7 1 4 5 0 2 3 
0 0 5 6 7 2 4 5 0 1 3 
0 0 5 7 0 1 4 5 6 2 3 
0 0 5 7 0 2 4 5 6 1 3 
0 0 5 7 1 0 4 5 6 2 3 
0 0 5 7 1 2 4 5 6 0 3 
0 0 5 7 1 2 4 5 0 6 3 
0 0 5 7 1 2 4 5 6 3 0 
0 0 4 0 1 2 4 5 6 3 7 
0 0 4 7 1 0 4 5 6 3 2 
0 0 4 7 1 2 0 5 6 3 4 
0 0 4 7 1 2 4 0 6 3 5 
0 0 5 1 0 2 4 5 6 3 7 
0 0 4 1 2 0 4 5 6 3 7 
0 0 3 1 2 3 4 5 6 0 7 
0 0 2 1 2 3 4 5 0 6 7 
0 0 2 1 2 3 4 5 6 7 0 
