0 0 0 0 3 5 2 4 7 1 6 
0 0 6 2 3 5 0 4 7 1 6 
0 0 6 2 3 0 5 4 7 1 6 
0 0 6 2 3 5 1 4 7 0 6 
0 0 6 2 3 0 1 4 7 5 6 
0 0 6 2 3 5 1 4 0 7 6 
0 0 6 2 0 5 1 4 3 7 6 
0 0 6 2 3 5 1 0 4 7 6 
0 0 5 0 3 5 1 2 4 7 6 
0 0 4 1 3 5 0 2 4 7 6 
0 0 3 1 3 0 5 2 4 7 6 
0 0 3 1 3 5 2 0 4 7 6 
0 0 3 1 3 5 6 2 4 7 0 
0 0 2 0 3 5 6 2 4 7 1 
0 0 2 1 3 0 6 2 4 7 5 
0 0 2 1 3 5 6 0 4 7 2 
0 0 2 1 3 5 6 2 4 0 7 
0 0 3 1 3 0 6 2 4 5 7 
0 0 3 1 3 5 6 2 0 4 7 
0 0 3 1 3 5 7 2 4 0 6 
0 0 2 1 3 0 7 2 4 5 6 
0 0 2 1 3 5 7 2 0 4 6 
0 0 2 1 3 5 7 2 4 6 0 
