0 0 0 0 2 6 5 4 3 7 1 
0 0 6 2 0 6 5 4 3 7 1 
0 0 6 3 2 6 5 4 0 7 1 
0 0 6 3 0 6 5 4 2 7 1 
0 0 6 3 2 6 5 0 4 7 1 
0 0 6 0 2 6 5 3 4 7 1 
0 0 6 2 0 6 5 3 4 7 1 
0 0 6 3 0 6 5 2 4 7 1 
0 0 6 0 3 6 5 2 4 7 1 
0 0 5 2 3 6 5 0 4 7 1 
0 0 5 4 3 6 5 2 0 7 1 
0 0 5 5 3 6 0 2 4 7 1 
0 0 5 5 3 0 6 2 4 7 1 
0 0 5 5 0 3 6 2 4 7 1 
0 0 5 5 3 6 1 2 4 7 0 
0 0 4 0 3 6 1 2 4 7 5 
0 0 4 5 3 0 1 2 4 7 6 
0 0 4 5 3 6 1 0 4 7 2 
0 0 4 5 3 6 1 2 4 0 7 
0 0 5 1 3 6 0 2 4 7 5 
0 0 4 1 3 0 6 2 4 7 5 
0 0 4 1 0 3 6 2 4 7 5 
0 0 4 1 3 6 2 0 4 7 5 
0 0 4 1 3 6 5 2 4 7 0 
0 0 3 1 3 0 5 2 4 7 6 
0 0 3 1 3 6 5 0 4 7 2 
0 0 3 1 3 6 5 2 4 0 7 
0 0 4 1 0 3 5 2 4 7 6 
0 0 4 1 3 0 5 2 4 6 7 
0 0 3 1 0 3 5 2 4 6 7 
0 0 3 1 3 5 0 2 4 6 7 
0 0 2 0 3 5 1 2 4 6 7 
0 0 2 1 3 5 2 0 4 6 7 
0 0 2 1 3 5 6 2 4 0 7 
0 0 2 1 3 5 7 2 4 6 0 
