0 0 0 0 5 6 3 7 4 2 1 
15 1 14 5 0 6 3 7 4 2 1 
15 2 13 5 4 6 3 7 0 2 1 
13 3 10 5 4 6 3 0 7 2 1 
13 3 10 5 4 6 3 7 2 0 1 
14 4 10 0 4 6 3 5 7 2 1 
14 4 10 5 4 0 3 7 2 6 1 
14 4 10 5 4 6 3 7 2 1 0 
14 5 9 5 4 6 0 7 2 1 3 
15 5 10 5 0 4 3 7 2 6 1 
15 5 10 5 4 3 0 7 2 6 1 
14 6 8 5 4 3 1 7 2 6 0 
13 7 6 5 4 3 1 7 2 0 6 
14 8 6 5 4 3 1 0 2 6 7 
15 9 6 0 4 3 1 7 2 6 5 
15 7 8 0 4 3 5 7 2 6 1 
15 8 7 5 4 0 1 7 2 3 6 
15 9 6 5 4 0 1 7 2 6 3 
15 8 7 5 4 3 1 7 0 2 6 
15 6 9 5 4 6 3 0 2 1 7 
15 5 10 5 4 6 3 1 7 2 0 
14 6 8 5 4 6 0 1 7 2 3 
14 6 8 5 4 6 3 1 7 0 2 
15 2 13 5 6 0 3 7 4 2 1 
15 3 12 5 6 2 3 7 4 0 1 
14 4 10 5 6 2 3 7 0 4 1 
14 4 10 5 6 2 3 7 4 1 0 
14 5 9 5 6 2 0 7 4 1 3 
15 5 10 5 0 2 3 7 6 4 1 
15 6 9 5 6 2 3 0 4 1 7 
15 5 10 5 6 2 3 0 7 4 1 
15 3 12 5 6 3 0 7 4 2 1 
14 4 10 5 6 3 1 7 4 2 0 
13 5 8 5 6 3 1 7 4 0 2 
14 6 8 5 6 3 1 0 4 2 7 
15 7 8 0 6 3 1 5 4 2 7 
15 7 8 0 6 3 1 7 4 2 5 
15 5 10 0 6 3 5 7 4 2 1 
15 7 8 5 6 0 1 7 4 2 3 
15 6 9 5 6 0 1 7 4 3 2 
15 7 8 5 6 3 1 4 0 2 7 
15 6 9 5 6 3 1 7 0 4 2 
15 1 14 7 5 6 3 0 4 2 1 
14 2 12 7 5 6 3 4 0 2 1 
15 3 12 7 5 6 3 1 4 2 0 
14 4 10 7 5 6 0 1 4 2 3 
14 4 10 7 5 6 3 1 4 0 2 
16 9 7 0 4 3 1 5 2 6 7 
15 10 5 4 0 3 1 5 2 6 7 
16 8 8 0 4 6 3 1 7 2 5 
16 7 9 0 4 6 3 5 2 1 7 
16 7 9 0 4 6 3 7 2 1 5 
16 6 10 0 5 2 3 7 6 4 1 
16 6 10 0 5 4 3 7 2 6 1 
16 6 10 0 5 6 3 1 4 2 7 
16 6 10 0 6 2 3 5 7 4 1 
16 7 9 0 6 2 3 7 4 1 5 
16 11 5 1 4 3 0 5 2 6 7 
15 12 3 1 4 0 3 5 2 6 7 
15 12 3 1 4 3 7 5 2 6 0 
16 2 14 3 5 6 0 7 4 2 1 
16 3 13 3 5 0 6 7 4 2 1 
16 3 13 3 5 6 1 7 4 2 0 
11 4 7 3 5 6 1 7 4 0 2 
12 5 7 3 5 6 1 0 4 2 7 
13 6 7 0 5 6 1 3 4 2 7 
13 6 7 0 5 6 1 7 4 2 3 
13 6 7 3 5 0 1 7 4 2 6 
13 5 8 3 5 0 1 7 4 6 2 
13 6 7 3 5 6 1 4 0 2 7 
13 5 8 3 5 6 1 7 0 4 2 
14 6 8 3 0 5 1 7 4 6 2 
14 7 7 0 3 5 1 7 4 6 2 
14 7 7 3 4 5 1 7 0 6 2 
14 6 8 3 5 1 0 7 4 6 2 
14 7 7 3 5 1 2 7 4 6 0 
14 8 6 7 3 5 1 0 4 6 2 
13 9 4 7 3 5 1 4 0 6 2 
14 10 4 7 3 5 1 2 4 6 0 
13 11 2 7 3 5 0 2 4 6 1 
13 11 2 7 3 5 1 2 4 0 6 
15 13 2 0 3 5 1 2 4 6 7 
15 8 7 0 5 1 3 7 4 6 2 
15 9 6 1 3 5 0 7 4 6 2 
14 10 4 1 3 0 5 7 4 6 2 
14 10 4 1 3 5 2 7 4 6 0 
15 11 4 1 3 5 2 7 4 0 6 
15 7 8 3 0 6 1 4 5 2 7 
15 8 7 3 0 6 1 5 4 2 7 
15 6 9 3 0 6 1 7 5 4 2 
15 8 7 3 4 5 1 0 7 6 2 
15 8 7 3 4 5 1 7 6 0 2 
15 8 7 3 5 1 2 7 4 0 6 
15 8 7 3 5 6 0 1 4 2 7 
15 6 9 3 5 6 1 0 7 4 2 
15 7 8 3 5 6 1 4 2 0 7 
15 11 4 7 0 5 1 3 4 6 2 
15 10 5 7 0 5 1 4 3 6 2 
15 13 2 7 3 0 1 2 4 6 5 
15 11 4 7 3 5 0 1 4 6 2 
15 10 5 7 3 5 1 4 6 0 2 
16 9 7 0 4 5 1 3 7 6 2 
16 7 9 0 5 6 1 3 7 4 2 
16 12 4 1 3 5 2 0 4 6 7 
16 12 4 1 3 5 6 7 4 0 2 
16 12 4 1 3 5 7 0 4 6 2 
15 13 2 0 3 5 7 1 4 6 2 
15 13 2 1 3 5 7 4 0 6 2 
16 14 2 1 3 5 7 2 4 6 0 
