0 0 0 2 7 6 0 5 3 4 1 
13 1 12 2 7 0 6 5 3 4 1 
13 1 12 2 7 6 1 5 3 4 0 
10 2 8 2 7 6 1 5 3 0 4 
11 3 8 2 7 6 1 0 3 4 5 
12 4 8 0 7 6 1 5 3 4 2 
12 4 8 2 7 0 1 5 3 4 6 
12 3 9 2 7 0 1 5 3 6 4 
12 3 9 2 7 6 1 5 0 3 4 
13 4 9 0 7 6 1 2 3 4 5 
13 4 9 2 0 6 1 5 7 3 4 
13 4 9 2 0 7 1 5 3 6 4 
13 4 9 2 7 1 0 5 3 6 4 
13 5 8 2 7 1 4 5 3 6 0 
10 6 4 2 7 1 4 5 3 0 6 
11 7 4 2 7 1 4 0 3 6 5 
12 8 4 0 7 1 4 5 3 6 2 
12 8 4 2 7 0 4 5 3 6 1 
13 8 5 0 7 1 4 2 3 6 5 
13 7 6 2 7 0 4 5 3 1 6 
13 8 5 2 7 1 4 3 0 6 5 
13 7 6 2 7 1 4 5 0 3 6 
13 4 9 2 7 6 1 0 5 3 4 
13 4 9 2 7 6 1 3 0 4 5 
14 5 9 0 2 6 1 5 7 3 4 
14 5 9 0 2 7 1 5 3 6 4 
14 6 8 0 7 1 2 5 3 6 4 
14 2 12 0 7 6 2 5 3 4 1 
14 5 9 2 3 7 1 5 0 6 4 
13 6 7 2 3 7 1 0 5 6 4 
13 6 7 2 3 7 1 5 6 0 4 
13 7 6 2 3 0 1 5 6 7 4 
13 7 6 2 3 7 1 5 6 4 0 
14 7 7 0 3 7 1 2 5 6 4 
14 8 6 2 0 3 1 5 6 7 4 
14 9 5 0 2 3 1 5 6 7 4 
14 8 6 2 3 1 0 5 6 7 4 
14 9 5 2 3 1 4 5 6 7 0 
13 10 3 2 3 1 4 5 6 0 7 
14 11 3 2 3 1 4 0 6 7 5 
14 8 6 2 3 7 0 5 6 4 1 
14 5 9 2 6 0 1 5 7 3 4 
14 6 8 2 6 1 0 5 7 3 4 
14 7 7 2 6 1 4 5 7 3 0 
13 8 5 2 6 1 4 5 7 0 3 
14 9 5 2 6 1 4 0 7 3 5 
14 9 5 2 6 3 1 5 0 7 4 
14 6 8 2 6 3 1 5 7 0 4 
13 7 6 2 6 3 1 5 7 4 0 
14 8 6 2 6 3 0 5 7 4 1 
14 10 4 5 2 3 1 0 6 7 4 
14 6 8 5 2 6 1 0 7 3 4 
14 6 8 5 2 7 1 0 3 6 4 
15 10 5 0 3 1 2 5 6 7 4 
15 12 3 0 3 1 4 5 6 7 2 
15 8 7 0 6 1 2 5 7 3 4 
15 10 5 0 6 1 4 5 7 3 2 
15 5 10 0 7 6 1 2 5 3 4 
15 11 4 1 2 3 0 5 6 7 4 
14 12 2 1 2 0 3 5 6 7 4 
14 12 2 1 2 3 4 5 6 7 0 
