0 0 0 0 4 5 3 6 7 2 1 
0 0 7 3 4 5 0 6 7 2 1 
0 0 7 3 4 0 5 6 7 2 1 
0 0 7 3 4 5 1 6 7 2 0 
0 0 6 0 4 5 1 6 7 2 3 
0 0 6 3 4 0 1 6 7 2 5 
0 0 6 3 4 5 1 0 7 2 6 
0 0 6 3 4 5 1 6 7 0 2 
0 0 7 0 4 5 1 3 7 2 6 
0 0 7 1 4 5 0 3 7 2 6 
0 0 6 1 4 0 5 3 7 2 6 
0 0 6 1 4 5 2 3 7 0 6 
0 0 6 1 4 0 2 3 7 5 6 
0 0 6 1 4 5 2 3 0 7 6 
0 0 6 1 0 5 2 3 4 7 6 
0 0 5 0 1 5 2 3 4 7 6 
0 0 5 1 5 0 2 3 4 7 6 
0 0 6 1 4 5 2 0 3 7 6 
0 0 6 0 4 5 2 1 3 7 6 
0 0 6 1 0 5 2 4 3 7 6 
0 0 6 0 1 5 2 4 3 7 6 
0 0 6 1 3 5 2 4 0 7 6 
0 0 5 1 3 5 2 0 4 7 6 
0 0 4 0 3 5 2 1 4 7 6 
0 0 4 1 3 5 0 2 4 7 6 
0 0 3 0 3 5 1 2 4 7 6 
0 0 3 1 3 0 5 2 4 7 6 
0 0 3 1 3 5 6 2 4 7 0 
0 0 2 0 3 5 6 2 4 7 1 
0 0 2 1 3 0 6 2 4 7 5 
0 0 2 1 3 5 6 0 4 7 2 
0 0 2 1 3 5 6 2 4 0 7 
0 0 3 1 3 0 6 2 4 5 7 
0 0 3 1 3 5 6 2 0 4 7 
0 0 3 1 3 5 7 2 4 0 6 
0 0 2 1 3 0 7 2 4 5 6 
0 0 2 1 3 5 7 2 0 4 6 
0 0 2 1 3 5 7 2 4 6 0 
