0 0 0 7 3 2 5 4 1 0 6 
15 1 14 7 3 0 5 4 1 2 6 
15 1 14 7 3 2 5 4 0 1 6 
15 1 14 7 3 2 5 4 1 6 0 
13 1 12 7 3 2 0 4 1 6 5 
14 2 12 7 3 2 5 0 1 6 4 
15 3 12 0 3 2 5 4 1 6 7 
15 3 12 7 3 0 5 4 1 6 2 
17 1 16 7 0 2 5 4 3 1 6 
17 1 16 7 3 2 5 0 4 1 6 
19 1 18 7 0 3 5 4 1 2 6 
19 1 18 7 3 5 0 4 1 2 6 
17 1 16 0 3 2 5 7 1 6 4 
17 1 16 7 3 2 5 1 0 6 4 
19 3 16 7 0 2 5 3 1 6 4 
19 3 16 7 3 2 0 5 1 6 4 
17 1 16 0 3 2 5 7 4 1 6 
19 1 18 3 0 2 5 4 1 6 7 
19 1 18 4 3 2 5 0 1 6 7 
19 1 18 7 0 3 5 4 1 6 2 
21 1 20 7 3 0 2 4 1 6 5 
19 1 18 7 3 5 0 4 1 6 2 
19 1 18 7 3 6 5 4 1 0 2 
22 2 20 0 3 2 7 4 1 6 5 
20 2 18 5 3 2 0 4 1 6 7 
18 2 16 7 3 2 5 6 4 1 0 
21 3 18 1 3 2 5 4 0 6 7 
19 3 16 7 0 2 5 3 4 1 6 
19 3 16 7 3 2 0 5 4 1 6 
23 3 20 7 3 2 4 0 1 6 5 
23 3 20 7 3 2 6 4 1 0 5 
17 1 16 7 3 5 6 4 1 2 0 
18 2 16 0 3 5 7 4 1 2 6 
19 3 16 7 3 5 2 4 1 0 6 
19 3 16 7 3 5 4 0 1 2 6 
21 1 20 0 7 3 5 4 1 2 6 
21 1 20 7 1 3 5 4 0 2 6 
25 1 24 0 7 2 5 4 3 1 6 
25 1 24 7 2 0 5 4 3 1 6 
9 1 8 1 0 2 5 4 3 6 7 
9 1 8 1 3 2 5 0 4 6 7 
9 1 8 1 3 2 5 4 6 0 7 
15 1 14 7 0 2 5 1 3 6 4 
15 1 14 7 3 2 5 1 6 0 4 
19 1 18 3 0 2 5 7 1 6 4 
15 1 14 7 3 2 0 6 4 1 5 
15 1 14 7 3 2 5 6 4 0 1 
17 1 16 4 3 2 5 1 0 6 7 
20 2 18 5 3 2 0 7 1 6 4 
13 1 12 7 3 0 2 4 1 5 6 
13 1 12 7 3 5 2 4 0 1 6 
17 1 16 7 3 5 2 4 1 6 0 
15 1 14 7 3 5 6 4 1 0 2 
17 3 14 0 3 2 5 6 4 1 7 
18 2 16 0 3 5 7 4 1 6 2 
7 1 6 1 3 0 5 4 6 2 7 
7 1 6 1 3 2 5 4 6 7 0 
21 3 18 1 3 2 5 7 0 6 4 
18 2 16 4 3 2 5 7 1 6 0 
19 1 18 7 3 0 2 5 1 6 4 
17 3 14 7 3 0 5 6 4 1 2 
19 1 18 7 3 2 4 5 1 6 0 
16 2 14 7 3 5 6 0 1 2 4 
20 2 18 0 3 2 7 5 1 6 4 
17 3 14 0 3 5 6 4 1 2 7 
19 1 18 3 0 2 5 7 4 1 6 
19 1 18 3 1 2 5 4 0 6 7 
19 1 18 3 2 0 5 4 1 6 7 
19 3 16 4 0 2 5 3 1 6 7 
19 3 16 4 3 2 0 5 1 6 7 
13 1 12 7 1 3 5 0 4 2 6 
13 1 12 7 1 3 5 4 2 0 6 
17 3 14 7 3 0 6 4 1 2 5 
19 3 16 7 3 5 4 0 1 6 2 
19 1 18 7 3 6 5 4 0 1 2 
19 1 18 7 3 6 5 4 1 2 0 
17 1 16 3 0 5 7 4 1 2 6 
17 1 16 4 3 5 7 0 1 2 6 
19 1 18 5 3 0 2 4 1 6 7 
20 2 18 5 3 2 0 7 4 1 6 
19 1 18 5 3 2 7 4 1 6 0 
21 3 18 7 3 2 6 5 1 0 4 
17 1 16 0 3 5 4 7 1 2 6 
21 1 20 0 7 3 5 4 1 6 2 
21 3 18 4 3 2 5 7 0 1 6 
21 1 20 7 0 3 2 4 1 6 5 
21 1 20 7 1 3 5 4 0 6 2 
19 1 18 7 3 0 2 5 4 1 6 
19 1 18 7 3 2 6 5 4 1 0 
17 1 16 7 3 5 4 1 0 2 6 
21 1 20 7 3 6 2 4 1 0 5 
11 1 10 0 3 2 5 1 4 6 7 
20 2 18 0 3 2 7 5 4 1 6 
23 1 22 0 7 2 5 3 1 6 4 
19 3 16 1 3 5 7 4 0 2 6 
21 1 20 3 0 2 7 4 1 6 5 
21 1 20 4 3 2 7 0 1 6 5 
21 3 18 5 3 2 4 0 1 6 7 
21 3 18 5 3 2 6 4 1 0 7 
23 1 22 7 1 2 5 3 0 6 4 
23 1 22 7 2 0 5 3 1 6 4 
18 2 16 7 3 5 4 6 1 2 0 
21 1 20 0 3 2 4 7 1 6 5 
5 1 4 1 3 2 0 4 6 7 5 
5 1 4 1 3 2 5 4 6 0 7 
12 2 10 1 3 2 5 7 4 6 0 
19 3 16 7 0 5 4 3 1 2 6 
21 3 18 7 3 2 1 5 4 0 6 
21 1 20 7 3 2 4 1 0 6 5 
21 1 20 7 3 2 6 4 0 1 5 
21 1 20 7 3 2 6 4 1 5 0 
13 3 10 1 0 2 5 3 4 6 7 
13 3 10 1 3 2 0 5 4 6 7 
6 2 4 1 3 2 5 0 6 7 4 
23 3 20 1 3 2 7 4 0 6 5 
7 3 4 0 3 2 5 4 6 7 1 
23 1 22 0 7 2 5 3 4 1 6 
7 3 4 1 3 0 5 4 6 7 2 
23 3 20 7 0 2 4 3 1 6 5 
23 1 22 7 2 0 5 3 4 1 6 
23 1 22 7 4 2 5 3 0 1 6 
15 1 14 0 1 2 5 4 3 6 7 
15 1 14 1 2 0 5 4 3 6 7 
9 1 8 1 0 2 5 7 3 6 4 
9 1 8 1 3 2 5 0 7 6 4 
9 1 8 1 3 2 5 7 6 0 4 
21 1 20 4 7 3 5 0 1 2 6 
15 1 14 7 3 0 5 1 6 2 4 
15 1 14 7 3 2 5 1 6 4 0 
5 1 4 1 3 2 0 7 4 6 5 
5 1 4 1 3 2 5 7 4 0 6 
22 2 20 5 7 3 0 4 1 2 6 
7 1 6 1 0 5 7 4 3 2 6 
7 1 6 1 3 5 7 0 4 2 6 
7 1 6 1 3 5 7 4 2 0 6 
23 3 20 1 7 3 5 4 0 2 6 
12 2 10 7 3 5 2 0 1 6 4 
7 3 4 0 3 2 5 7 4 6 1 
13 3 10 0 3 5 2 4 1 6 7 
7 3 4 1 3 0 5 7 4 6 2 
11 1 10 3 1 2 5 0 4 6 7 
11 1 10 3 1 2 5 4 6 0 7 
11 1 10 7 1 0 5 4 2 3 6 
11 1 10 7 1 3 5 4 2 6 0 
11 1 10 5 3 2 7 4 1 0 6 
13 1 12 0 1 3 5 7 4 2 6 
15 1 14 4 0 2 5 1 3 6 7 
15 1 14 4 3 2 5 1 6 0 7 
12 2 10 5 3 2 7 0 1 6 4 
15 1 14 7 0 5 2 4 3 1 6 
15 1 14 7 3 5 2 0 4 1 6 
15 1 14 1 0 3 5 4 6 2 7 
15 1 14 1 3 5 0 4 6 2 7 
15 1 14 4 3 2 0 7 1 6 5 
15 1 14 4 3 2 5 7 1 0 6 
25 1 24 4 7 2 5 0 3 1 6 
13 3 10 5 3 0 7 4 1 6 2 
14 2 12 7 1 3 5 6 4 2 0 
25 1 24 7 2 1 5 4 3 0 6 
25 1 24 7 2 5 0 4 3 1 6 
17 1 16 7 3 0 5 6 4 2 1 
15 1 14 7 3 2 4 5 1 0 6 
17 1 16 7 3 2 5 6 0 4 1 
11 1 10 1 3 0 2 4 6 7 5 
5 1 4 1 3 0 7 4 2 5 6 
5 1 4 1 3 5 7 4 2 6 0 
17 1 16 5 3 0 2 7 1 6 4 
17 1 16 5 3 2 4 7 1 6 0 
26 2 24 5 7 2 0 4 3 1 6 
15 3 12 7 0 3 5 1 4 2 6 
15 3 12 7 1 3 0 5 4 2 6 
13 1 12 7 1 3 5 0 4 6 2 
13 1 12 7 1 3 5 4 6 0 2 
17 1 16 7 3 0 6 4 1 5 2 
17 1 16 7 3 5 6 4 0 1 2 
12 2 10 0 3 2 1 4 6 7 5 
17 3 14 0 3 2 4 5 1 6 7 
11 1 10 0 3 2 5 1 6 7 4 
23 1 22 0 7 2 5 1 3 6 4 
11 1 10 1 0 2 7 4 3 6 5 
11 1 10 1 3 0 2 5 4 6 7 
7 1 6 1 3 0 5 7 4 2 6 
11 1 10 1 3 2 5 6 0 7 4 
7 1 6 1 3 2 5 7 0 4 6 
11 1 10 1 3 2 7 0 4 6 5 
11 1 10 1 3 2 7 4 6 0 5 
11 1 10 1 3 2 7 5 4 6 0 
17 1 16 3 0 5 7 4 1 6 2 
19 1 18 3 1 2 5 7 0 6 4 
19 1 18 3 2 0 5 7 1 6 4 
27 3 24 3 7 2 5 4 0 1 6 
17 3 14 4 3 0 5 7 1 6 2 
17 1 16 4 3 5 7 0 1 6 2 
23 1 22 7 2 0 5 1 3 6 4 
17 3 14 7 3 0 4 5 1 6 2 
12 2 10 0 3 2 1 5 4 6 7 
17 1 16 0 3 5 4 7 1 6 2 
7 1 6 0 3 5 7 1 4 2 6 
9 1 8 1 3 0 5 7 6 2 4 
13 3 10 1 3 2 4 0 6 7 5 
9 1 8 1 3 2 5 7 6 4 0 
17 1 16 3 2 5 0 4 1 6 7 
17 1 16 3 2 6 5 4 1 0 7 
17 1 16 4 3 0 2 5 1 6 7 
17 1 16 4 3 2 7 5 1 6 0 
19 3 16 5 3 2 6 7 1 0 4 
15 1 14 7 0 5 4 1 3 2 6 
13 1 12 7 3 0 1 5 4 2 6 
13 1 12 7 3 2 1 5 0 4 6 
13 1 12 7 3 2 1 5 4 6 0 
17 1 16 7 3 5 4 1 0 6 2 
15 1 14 7 3 5 4 1 2 0 6 
17 1 16 7 3 6 0 4 1 2 5 
19 1 18 0 3 5 6 7 1 2 4 
13 3 10 1 0 2 5 3 6 7 4 
13 3 10 1 3 2 0 5 6 7 4 
13 3 10 1 3 2 6 5 4 0 7 
3 1 2 1 3 5 0 4 2 6 7 
19 3 16 1 3 5 7 4 0 6 2 
8 2 6 1 3 5 7 6 4 2 0 
17 1 16 3 1 5 7 4 0 2 6 
17 1 16 3 5 0 7 4 1 2 6 
17 1 16 4 3 5 7 1 0 2 6 
17 1 16 5 3 0 2 7 4 1 6 
17 1 16 5 3 2 6 7 4 1 0 
19 1 18 7 0 3 2 5 1 6 4 
15 1 14 7 1 2 5 0 3 6 4 
15 1 14 7 1 2 5 3 6 0 4 
15 1 14 7 3 5 0 6 1 2 4 
18 2 16 7 3 5 4 2 1 6 0 
15 1 14 7 3 5 4 6 1 0 2 
19 1 18 7 3 5 6 1 0 2 4 
19 1 18 7 3 6 2 5 1 0 4 
18 2 16 7 3 6 5 0 1 2 4 
11 1 10 0 3 2 5 1 7 6 4 
19 3 16 0 3 6 5 4 1 2 7 
9 3 6 1 0 5 7 3 4 2 6 
9 3 6 1 3 5 0 7 4 2 6 
4 2 2 1 3 5 7 0 2 6 4 
19 1 18 3 0 2 7 5 1 6 4 
19 1 18 3 2 0 5 7 4 1 6 
19 1 18 3 4 2 5 7 0 1 6 
19 3 16 4 3 2 6 5 1 0 7 
18 2 16 4 3 5 7 6 1 2 0 
21 1 20 7 0 3 2 4 1 5 6 
19 3 16 7 0 5 4 3 1 6 2 
21 1 20 7 3 2 0 4 1 5 6 
17 1 16 7 3 2 6 5 4 0 1 
15 1 14 0 1 2 5 3 4 6 7 
17 3 14 0 3 5 4 6 1 2 7 
5 3 2 0 3 5 7 4 2 6 1 
15 1 14 1 2 0 5 3 4 6 7 
13 1 12 1 2 5 0 4 3 6 7 
13 1 12 1 2 6 5 4 3 0 7 
5 3 2 1 3 0 7 4 2 6 5 
12 2 10 1 3 2 5 4 7 6 0 
15 1 14 1 4 2 5 3 0 6 7 
21 1 20 3 0 2 5 6 4 1 7 
9 1 8 3 1 0 5 4 6 2 7 
9 1 8 3 1 2 5 4 6 7 0 
19 3 16 4 0 5 7 3 1 2 6 
19 3 16 4 3 5 0 7 1 2 6 
19 1 18 5 0 3 2 4 1 6 7 
17 1 16 5 3 0 6 4 1 2 7 
19 3 16 5 3 2 1 7 4 0 6 
17 1 16 5 3 2 4 1 0 6 7 
17 1 16 5 3 2 6 4 0 1 7 
17 1 16 5 3 2 6 4 1 7 0 
19 3 16 5 3 2 7 0 4 1 6 
19 1 18 5 3 6 2 4 1 0 7 
21 1 20 6 3 2 5 0 4 1 7 
21 1 20 7 0 3 5 6 4 1 2 
21 3 18 7 0 5 6 3 1 2 4 
9 1 8 7 1 3 0 4 2 6 5 
23 1 22 7 3 0 2 6 4 1 5 
17 3 14 7 3 0 4 6 1 2 5 
19 1 18 7 3 0 6 5 1 2 4 
21 1 20 7 3 1 5 6 4 0 2 
18 2 16 7 3 2 6 0 4 1 5 
19 1 18 7 3 2 6 5 0 1 4 
19 1 18 7 3 2 6 5 1 4 0 
21 1 20 7 3 5 0 6 4 1 2 
19 3 16 0 3 2 6 5 4 1 7 
24 2 22 0 3 2 7 6 4 1 5 
21 1 20 0 4 2 5 3 1 6 7 
13 3 10 1 0 2 5 3 7 6 4 
15 1 14 1 0 3 5 4 6 7 2 
11 1 10 1 0 3 5 4 7 2 6 
13 3 10 1 3 2 0 5 7 6 4 
21 3 18 1 3 2 7 5 0 6 4 
5 1 4 1 3 2 7 5 4 0 6 
15 1 14 1 3 5 0 4 6 7 2 
15 1 14 1 3 7 5 4 6 0 2 
11 1 10 1 7 3 5 0 4 2 6 
11 1 10 1 7 3 5 4 2 0 6 
19 1 18 3 0 5 4 7 1 2 6 
19 1 18 4 0 2 5 7 3 1 6 
21 1 20 4 1 2 5 3 0 6 7 
21 1 20 4 2 0 5 3 1 6 7 
19 1 18 4 3 2 5 0 7 1 6 
22 2 20 5 3 2 0 6 4 1 7 
19 1 18 7 0 3 2 5 4 1 6 
21 1 20 7 0 6 5 4 3 1 2 
10 2 8 7 1 3 5 0 2 6 4 
19 3 16 7 3 0 6 5 4 1 2 
19 1 18 7 3 1 2 5 4 0 6 
13 1 12 7 3 2 0 1 6 4 5 
21 1 20 7 3 6 5 0 4 1 2 
11 3 8 0 1 3 5 4 2 6 7 
11 1 10 1 0 3 5 7 4 6 2 
13 1 12 1 3 0 2 7 4 6 5 
11 1 10 1 3 5 0 7 4 6 2 
11 1 10 1 3 6 5 7 4 0 2 
19 1 18 3 0 2 5 1 4 6 7 
19 1 18 3 0 2 7 5 4 1 6 
23 3 20 4 3 2 5 6 0 1 7 
19 3 16 5 0 2 4 3 1 6 7 
11 3 8 7 1 0 5 4 2 6 3 
25 3 22 7 3 2 1 6 4 0 5 
14 2 12 7 3 2 5 0 6 4 1 
14 2 12 0 3 2 1 7 4 6 5 
15 3 12 0 3 2 5 1 6 4 7 
7 3 4 0 3 2 7 5 4 6 1 
7 3 4 1 3 0 7 5 4 6 2 
5 1 4 1 3 5 0 6 4 2 7 
21 3 18 1 3 5 4 7 0 2 6 
5 1 4 1 3 5 7 6 4 0 2 
23 1 22 3 0 5 6 4 1 2 7 
23 1 22 4 3 5 6 0 1 2 7 
21 1 20 4 7 3 5 0 1 6 2 
20 2 18 5 3 2 0 1 4 6 7 
19 1 18 7 0 2 4 1 3 6 5 
15 3 12 7 3 0 5 1 6 4 2 
19 1 18 7 3 2 4 1 6 0 5 
21 1 20 7 3 6 2 4 0 1 5 
21 1 20 7 3 6 2 4 1 5 0 
7 1 6 1 3 2 0 7 6 4 5 
15 3 12 1 3 2 6 7 4 0 5 
21 1 20 3 1 2 7 4 0 6 5 
21 1 20 3 2 0 7 4 1 6 5 
17 1 16 4 1 2 5 0 3 6 7 
21 1 20 4 3 2 7 1 0 6 5 
21 3 18 4 3 2 7 5 0 1 6 
22 2 20 5 7 3 0 4 1 6 2 
24 2 22 6 3 5 0 4 1 2 7 
20 2 18 7 3 2 6 0 1 5 4 
17 1 16 0 1 2 5 7 3 6 4 
15 1 14 0 1 5 7 4 3 2 6 
21 3 18 0 3 2 6 4 1 5 7 
15 1 14 0 3 5 2 7 1 6 4 
7 3 4 0 3 5 7 6 4 2 1 
23 1 22 0 7 3 2 4 1 6 5 
9 1 8 1 0 2 5 7 3 4 6 
7 1 6 1 0 5 7 4 3 6 2 
17 1 16 1 2 0 5 7 3 6 4 
7 3 4 1 3 0 7 6 4 2 5 
8 2 6 1 3 2 5 0 6 4 7 
9 1 8 1 3 2 5 0 7 4 6 
25 3 22 1 3 5 6 4 0 2 7 
7 1 6 1 3 5 7 0 4 6 2 
7 1 6 1 3 5 7 4 6 0 2 
15 1 14 1 5 0 7 4 3 2 6 
23 3 20 1 7 3 5 4 0 6 2 
21 1 20 3 0 2 4 7 1 6 5 
19 1 18 3 0 2 5 4 6 7 1 
14 2 12 3 1 2 5 7 4 6 0 
19 1 18 4 3 2 5 0 6 7 1 
18 2 16 5 1 2 0 4 3 6 7 
13 1 12 5 3 0 7 4 1 2 6 
13 1 12 5 3 2 7 4 0 1 6 
25 1 24 7 0 3 6 4 1 2 5 
11 1 10 7 1 3 0 6 4 2 5 
23 1 22 7 1 3 2 4 0 6 5 
11 1 10 7 1 3 5 6 4 0 2 
15 1 14 7 3 5 2 1 0 6 4 
9 1 8 0 3 2 4 1 6 7 5 
9 3 6 0 3 2 5 7 6 4 1 
7 1 6 0 3 5 7 1 2 6 4 
9 3 6 1 3 0 5 7 6 4 2 
9 1 8 1 3 2 4 6 0 7 5 
7 1 6 1 3 5 7 2 0 6 4 
15 3 12 3 1 2 0 5 4 6 7 
23 1 22 3 7 2 5 0 1 6 4 
23 3 20 4 0 2 7 3 1 6 5 
13 1 12 4 3 0 5 1 6 2 7 
13 1 12 4 3 2 5 1 6 7 0 
20 2 18 5 3 2 0 4 6 7 1 
23 1 22 7 2 5 0 3 1 6 4 
23 1 22 7 2 6 5 3 1 0 4 
13 3 10 0 1 3 5 6 4 2 7 
11 1 10 0 3 2 7 1 4 6 5 
23 1 22 0 7 5 4 3 1 2 6 
11 1 10 1 0 2 5 6 3 7 4 
11 1 10 1 0 3 5 7 4 2 6 
9 1 8 1 3 0 6 5 4 2 7 
11 1 10 1 3 0 7 4 6 2 5 
7 1 6 1 3 2 0 4 7 6 5 
10 2 8 1 3 2 4 5 6 7 0 
23 3 20 1 3 2 4 7 0 6 5 
7 1 6 1 3 2 5 4 7 0 6 
11 1 10 1 3 2 5 6 7 0 4 
9 1 8 1 3 2 6 5 0 4 7 
9 1 8 1 3 2 6 5 4 7 0 
11 1 10 1 3 2 7 4 6 5 0 
13 1 12 1 3 5 7 4 6 2 0 
7 1 6 3 1 2 0 4 6 7 5 
11 1 10 3 1 2 5 0 7 6 4 
11 1 10 3 1 2 5 7 6 0 4 
9 1 8 3 1 5 7 0 4 2 6 
9 1 8 3 1 5 7 4 2 0 6 
24 2 22 5 7 2 0 3 1 6 4 
21 3 18 6 3 2 5 4 0 7 1 
23 1 22 7 0 2 6 4 3 1 5 
19 1 18 7 0 3 5 1 6 2 4 
17 3 14 7 0 5 2 3 1 6 4 
13 3 10 7 1 0 5 6 4 2 3 
23 1 22 7 1 5 4 3 0 2 6 
19 1 18 7 3 5 0 1 6 2 4 
17 3 14 7 3 5 0 2 1 6 4 
23 1 22 7 5 0 4 3 1 2 6 
13 1 12 0 1 3 5 7 4 6 2 
14 2 12 0 3 5 1 4 6 2 7 
15 1 14 0 3 5 2 7 4 1 6 
11 3 8 1 0 2 4 3 6 7 5 
13 1 12 1 0 3 2 4 6 7 5 
13 1 12 1 0 3 7 4 2 5 6 
9 3 6 1 0 5 7 3 2 6 4 
7 1 6 1 3 0 7 5 4 2 6 
7 1 6 1 3 2 7 5 0 4 6 
9 3 6 1 3 5 0 7 2 6 4 
9 1 8 1 3 5 6 7 4 2 0 
13 1 12 1 3 7 0 4 2 5 6 
13 1 12 1 3 7 2 4 6 0 5 
25 3 22 1 7 2 5 3 0 6 4 
8 2 6 3 1 2 5 0 6 7 4 
13 1 12 5 3 2 4 7 1 0 6 
15 1 14 5 3 2 7 1 0 6 4 
19 1 18 5 7 0 3 4 1 2 6 
19 1 18 5 7 3 6 4 1 2 0 
13 1 12 7 1 0 5 4 6 3 2 
13 1 12 7 1 3 5 4 6 2 0 
11 1 10 7 3 2 0 5 4 6 1 
9 3 6 0 1 2 5 4 6 7 3 
15 1 14 0 1 3 5 4 6 2 7 
9 3 6 0 3 2 5 4 7 6 1 
10 2 8 0 3 5 1 7 4 2 6 
13 3 10 1 0 2 7 3 4 6 5 
13 1 12 1 0 3 2 5 4 6 7 
11 1 10 1 3 0 2 5 6 7 4 
11 1 10 1 3 0 5 4 2 6 7 
9 3 6 1 3 0 5 4 7 6 2 
15 3 12 1 3 5 2 4 6 0 7 
15 3 12 1 3 5 4 0 6 2 7 
13 1 12 1 3 6 2 5 4 0 7 
15 1 14 1 6 3 5 4 0 2 7 
9 3 6 3 1 0 5 4 6 7 2 
23 1 22 3 7 2 5 0 4 1 6 
21 1 20 4 7 3 5 1 0 2 6 
16 2 14 5 1 3 0 7 4 2 6 
14 2 12 7 1 3 5 2 4 6 0 
23 1 22 7 2 1 5 3 4 0 6 
23 1 22 7 2 5 0 3 4 1 6 
12 2 10 7 3 2 1 0 4 6 5 
16 2 14 7 3 5 2 6 4 1 0 
11 1 10 7 3 5 4 2 1 0 6 
23 1 22 7 4 2 5 0 3 1 6 
23 1 22 7 4 2 5 3 1 0 6 
12 2 10 0 3 2 1 5 6 7 4 
12 2 10 0 3 5 1 4 2 6 7 
9 1 8 1 0 2 7 5 3 6 4 
13 1 12 1 0 3 5 7 6 2 4 
7 1 6 1 3 0 7 6 4 5 2 
3 1 2 1 3 2 0 5 6 7 4 
3 1 2 1 3 2 4 5 6 0 7 
9 1 8 1 3 2 7 0 5 6 4 
9 1 8 1 3 2 7 5 6 0 4 
13 1 12 1 3 5 0 7 6 2 4 
11 3 8 1 3 5 2 7 4 0 6 
7 1 6 1 3 5 7 6 0 4 2 
9 1 8 1 3 7 5 4 0 6 2 
9 1 8 1 3 7 5 4 6 2 0 
9 1 8 1 7 0 5 4 2 3 6 
9 1 8 1 7 3 5 4 2 6 0 
19 1 18 3 0 2 5 7 4 6 1 
19 1 18 3 0 5 2 4 1 6 7 
17 3 14 4 1 3 5 7 0 2 6 
19 1 18 4 3 5 2 0 1 6 7 
22 2 20 4 7 3 5 6 1 2 0 
17 3 14 5 0 2 7 3 1 6 4 
15 3 12 5 3 0 4 7 1 6 2 
24 2 22 5 7 2 0 3 4 1 6 
21 3 18 5 7 3 2 4 1 0 6 
21 3 18 5 7 3 4 0 1 2 6 
19 1 18 7 0 1 5 4 2 3 6 
15 3 12 7 0 3 5 1 4 6 2 
17 3 14 7 0 5 2 3 4 1 6 
15 1 14 7 1 0 3 5 4 2 6 
15 3 12 7 1 3 0 5 4 6 2 
15 1 14 7 1 3 6 5 4 2 0 
19 1 18 7 1 5 0 4 2 3 6 
13 3 10 7 3 0 1 5 4 6 2 
13 1 12 7 3 0 4 1 2 5 6 
19 1 18 7 3 2 5 0 4 6 1 
17 3 14 7 3 5 0 2 4 1 6 
13 1 12 7 3 5 4 1 2 6 0 
16 2 14 0 1 3 7 5 4 2 6 
13 3 10 0 3 5 4 2 1 6 7 
25 1 24 0 7 2 4 3 1 6 5 
5 1 4 1 0 5 7 2 3 6 4 
11 1 10 1 2 6 5 4 0 3 7 
11 1 10 1 2 6 5 4 3 7 0 
9 1 8 1 3 5 2 7 4 6 0 
13 3 10 1 3 5 4 0 2 6 7 
13 3 10 1 3 5 6 4 2 0 7 
5 1 4 1 3 5 7 2 6 0 4 
11 1 10 1 4 2 5 0 3 6 7 
11 1 10 1 4 2 5 3 6 0 7 
20 2 18 2 3 5 0 4 1 6 7 
23 3 20 4 0 3 5 7 1 2 6 
17 1 16 4 3 0 5 7 1 2 6 
25 3 22 4 7 2 5 3 0 1 6 
23 3 20 4 7 3 0 5 1 2 6 
17 1 16 5 0 3 7 4 1 6 2 
11 1 10 5 3 0 1 7 4 2 6 
20 2 18 5 3 2 0 7 4 6 1 
11 1 10 5 3 2 1 7 0 4 6 
11 1 10 5 3 2 1 7 4 6 0 
17 1 16 5 3 6 7 4 1 0 2 
17 1 16 5 3 7 0 4 1 6 2 
25 1 24 7 1 2 4 3 0 6 5 
25 1 24 7 2 0 4 3 1 6 5 
17 1 16 7 2 1 5 4 0 3 6 
17 1 16 7 2 1 5 4 3 6 0 
13 3 10 7 3 0 4 2 1 6 5 
17 1 16 7 3 0 4 5 1 2 6 
17 1 16 7 3 2 4 5 0 1 6 
13 1 12 0 1 5 7 3 4 2 6 
5 3 2 0 3 2 4 5 6 7 1 
10 2 8 0 3 5 1 7 4 6 2 
7 1 6 0 3 5 7 1 4 6 2 
11 1 10 0 7 3 5 1 4 2 6 
9 1 8 1 0 5 4 7 3 2 6 
5 3 2 1 3 0 4 5 6 7 2 
7 1 6 1 3 0 7 4 6 5 2 
21 3 18 1 3 5 2 4 0 6 7 
9 1 8 1 3 5 4 0 7 2 6 
9 1 8 1 3 5 4 7 2 0 6 
5 1 4 1 3 5 7 4 6 0 2 
13 1 12 1 4 5 7 3 0 2 6 
13 1 12 1 5 0 7 3 4 2 6 
15 1 14 3 0 5 7 1 4 2 6 
7 1 6 3 1 2 0 7 4 6 5 
7 1 6 3 1 2 5 7 4 0 6 
15 1 14 3 2 6 5 4 0 1 7 
15 1 14 3 2 6 5 4 1 7 0 
21 3 18 4 3 2 5 7 0 6 1 
15 1 14 4 3 2 7 5 1 0 6 
17 1 16 5 0 3 2 7 1 6 4 
17 1 16 5 3 6 2 7 1 0 4 
15 1 14 7 0 2 1 5 3 4 6 
15 1 14 7 0 5 4 1 3 6 2 
17 3 14 7 1 3 2 5 4 0 6 
11 1 10 7 3 1 2 5 0 4 6 
11 1 10 7 3 1 2 5 4 6 0 
15 1 14 7 3 2 1 0 5 4 6 
15 1 14 7 3 5 4 1 6 0 2 
15 1 14 0 1 2 5 3 6 7 4 
13 1 12 1 0 3 7 4 2 6 5 
15 1 14 1 2 0 5 3 6 7 4 
13 1 12 1 2 5 0 3 4 6 7 
13 1 12 1 2 5 7 4 3 6 0 
13 1 12 1 2 6 5 3 4 0 7 
11 3 8 1 3 5 6 7 4 0 2 
6 2 4 1 3 5 7 0 6 2 4 
8 2 6 1 3 5 7 2 4 6 0 
