0 0 0 6 0 2 4 3 1 7 5 
0 0 6 0 6 2 4 3 1 7 5 
0 0 6 1 6 2 4 3 0 7 5 
0 0 5 1 0 2 4 3 6 7 5 
0 0 4 0 1 2 4 3 6 7 5 
0 0 4 1 2 0 4 3 6 7 5 
0 0 3 1 2 4 0 3 6 7 5 
0 0 3 1 2 7 4 3 6 0 5 
0 0 4 0 2 4 1 3 6 7 5 
0 0 4 1 2 4 3 0 6 7 5 
0 0 4 0 2 4 3 1 6 7 5 
0 0 4 1 0 4 3 2 6 7 5 
0 0 4 1 2 4 3 5 6 7 0 
0 0 2 0 2 4 3 5 6 7 1 
0 0 2 1 2 0 3 5 6 7 4 
0 0 2 1 2 4 0 5 6 7 3 
0 0 2 1 2 4 3 5 6 0 7 
0 0 3 0 2 4 1 5 6 7 3 
0 0 3 1 0 2 3 5 6 7 4 
0 0 3 1 2 0 4 5 6 7 3 
0 0 2 1 0 2 4 5 6 7 3 
0 0 2 1 2 7 4 5 6 0 3 
0 0 3 0 1 2 4 5 6 7 3 
0 0 3 1 2 3 0 5 6 7 4 
0 0 2 0 2 3 1 5 6 7 4 
0 0 2 1 2 3 4 5 6 7 0 
