0 0 7 6 5 4 3 0 1 2 
6 1 7 0 5 4 3 6 1 2 
7 1 0 7 5 4 3 6 1 2 
3 1 3 7 5 4 0 6 1 2 
2 2 3 7 5 4 2 6 1 0 
1 1 3 7 5 4 2 6 0 1 
6 1 3 7 5 4 2 0 6 1 
7 1 3 0 5 4 2 7 6 1 
3 1 0 3 5 4 2 7 6 1 
2 1 2 3 5 4 0 7 6 1 
1 2 2 3 5 4 1 7 6 0 
6 1 2 3 5 4 1 7 0 6 
7 1 2 3 5 4 1 0 7 6 
1 1 2 3 5 4 0 1 7 6 
6 2 2 3 5 4 6 1 7 0 
7 1 2 3 5 4 6 1 0 7 
5 1 2 3 0 4 6 1 5 7 
4 1 2 3 4 0 6 1 5 7 
7 1 2 3 4 7 6 1 5 0 
6 2 2 3 4 7 0 1 5 6 
1 1 2 3 4 7 1 0 5 6 
5 1 2 3 4 7 1 5 0 6 
6 1 2 3 4 7 1 5 6 0 
7 1 2 3 4 0 1 5 6 7 
4 1 2 3 0 4 1 5 6 7 
3 1 2 0 3 4 1 5 6 7 
2 1 0 2 3 4 1 5 6 7 
1 1 1 2 3 4 0 5 6 7 
5 1 1 2 3 4 5 0 6 7 
6 1 1 2 3 4 5 6 0 7 
7 1 1 2 3 4 5 6 7 0 
34 0.027924776077270508