0 0 1 0 7 5 3 4 2 6 
1 1 0 1 7 5 3 4 2 6 
5 2 5 1 7 0 3 4 2 6 
2 3 5 1 7 2 3 4 0 6 
7 1 5 1 0 2 3 4 7 6 
1 1 5 0 1 2 3 4 7 6 
5 1 0 5 1 2 3 4 7 6 
2 2 2 5 1 0 3 4 7 6 
1 1 2 5 0 1 3 4 7 6 
7 1 2 5 7 1 3 4 0 6 
4 1 2 5 7 1 3 0 4 6 
3 1 2 5 7 1 0 3 4 6 
2 1 0 5 7 1 2 3 4 6 
1 2 1 5 7 0 2 3 4 6 
7 1 1 5 0 7 2 3 4 6 
5 1 1 0 5 7 2 3 4 6 
3 1 1 3 5 7 2 0 4 6 
2 1 1 3 5 7 0 2 4 6 
7 3 1 3 5 0 7 2 4 6 
5 1 1 3 0 5 7 2 4 6 
3 1 1 0 3 5 7 2 4 6 
2 1 1 2 3 5 7 0 4 6 
7 1 1 2 3 5 0 7 4 6 
5 3 1 2 3 0 5 7 4 6 
4 3 1 2 3 4 5 7 0 6 
7 1 1 2 3 4 5 0 7 6 
5 1 1 2 3 4 0 5 7 6 
6 2 1 2 3 4 6 5 7 0 
7 1 1 2 3 4 6 5 0 7 
5 1 1 2 3 4 6 0 5 7 
6 1 1 2 3 4 0 6 5 7 
4 3 1 2 3 0 4 6 5 7 
5 3 1 2 3 5 4 6 0 7 
7 1 1 2 3 5 4 6 7 0 
5 1 1 2 3 0 4 6 7 5 
4 3 1 2 3 4 0 6 7 5 
5 2 1 2 3 4 5 6 7 0 
55 0.010970830917358398