0 0 0 7 2 6 1 4 5 3 
1 1 1 7 2 6 0 4 5 3 
7 3 1 0 2 6 7 4 5 3 
2 1 1 2 0 6 7 4 5 3 
5 1 1 2 5 6 7 4 0 3 
3 1 1 2 5 6 7 4 3 0 
7 2 1 2 5 6 0 4 3 7 
6 3 1 2 5 0 6 4 3 7 
3 3 1 2 5 3 6 4 0 7 
7 1 1 2 5 3 6 4 7 0 
5 3 1 2 0 3 6 4 7 5 
3 1 1 2 3 0 6 4 7 5 
5 1 1 2 3 5 6 4 7 0 
6 2 1 2 3 5 0 4 7 6 
5 3 1 2 3 0 5 4 7 6 
7 3 1 2 3 7 5 4 0 6 
6 1 1 2 3 7 5 4 6 0 
5 2 1 2 3 7 0 4 6 5 
2 3 1 0 3 7 2 4 6 5 
3 1 1 3 0 7 2 4 6 5 
6 1 1 3 6 7 2 4 0 5 
5 1 1 3 6 7 2 4 5 0 
6 3 1 3 0 7 2 4 5 6 
5 1 1 3 5 7 2 4 0 6 
6 1 1 3 5 7 2 4 6 0 
43 0.005013942718505859