0 0 7 5 0 1 4 6 2 3 
5 1 7 0 5 1 4 6 2 3 
7 1 0 7 5 1 4 6 2 3 
1 2 1 7 5 0 4 6 2 3 
5 1 1 7 0 5 4 6 2 3 
2 1 1 7 2 5 4 6 0 3 
6 1 1 7 2 5 4 0 6 3 
7 1 1 0 2 5 4 7 6 3 
2 1 1 2 0 5 4 7 6 3 
5 1 1 2 5 0 4 7 6 3 
3 1 1 2 5 3 4 7 6 0 
4 2 1 2 5 3 0 7 6 4 
7 1 1 2 5 3 7 0 6 4 
6 1 1 2 5 3 7 6 0 4 
5 1 1 2 0 3 7 6 5 4 
3 1 1 2 3 0 7 6 5 4 
4 1 1 2 3 4 7 6 5 0 
7 2 1 2 3 4 0 6 5 7 
4 3 1 2 3 0 4 6 5 7 
5 3 1 2 3 5 4 6 0 7 
7 1 1 2 3 5 4 6 7 0 
4 2 1 2 3 5 0 6 7 4 
5 3 1 2 3 0 5 6 7 4 
4 1 1 2 3 4 5 6 7 0 
33 0.00799107551574707