0 0 6 3 1 5 7 0 4 2 
7 1 6 3 1 5 0 7 4 2 
6 1 0 3 1 5 6 7 4 2 
5 2 5 3 1 0 6 7 4 2 
1 1 5 3 0 1 6 7 4 2 
3 1 5 0 3 1 6 7 4 2 
5 1 0 5 3 1 6 7 4 2 
1 2 1 5 3 0 6 7 4 2 
2 1 1 5 3 2 6 7 4 0 
6 2 1 5 3 2 0 7 4 6 
5 3 1 0 3 2 5 7 4 6 
7 1 1 7 3 2 5 0 4 6 
4 1 1 7 3 2 5 4 0 6 
6 1 1 7 3 2 5 4 6 0 
5 2 1 7 3 2 0 4 6 5 
7 3 1 0 3 2 7 4 6 5 
3 1 1 3 0 2 7 4 6 5 
2 1 1 3 2 0 7 4 6 5 
5 1 1 3 2 5 7 4 6 0 
2 3 1 3 0 5 7 4 6 2 
5 1 1 3 5 0 7 4 6 2 
2 1 1 3 5 2 7 4 6 0 
7 2 1 3 5 2 0 4 6 7 
2 3 1 3 5 0 2 4 6 7 
7 1 1 3 5 7 2 4 6 0 
37 0.0049860477447509766