0 0 6 3 1 5 7 0 4 2 
4 1 6 3 1 5 7 4 0 2 
2 1 6 3 1 5 7 4 2 0 
6 3 0 3 1 5 7 4 2 6 
3 1 3 0 1 5 7 4 2 6 
1 1 3 1 0 5 7 4 2 6 
2 1 3 1 2 5 7 4 0 6 
6 1 3 1 2 5 7 4 6 0 
7 2 3 1 2 5 0 4 6 7 
4 1 3 1 2 5 4 0 6 7 
6 1 3 1 2 5 4 6 0 7 
7 1 3 1 2 5 4 6 7 0 
5 1 3 1 2 0 4 6 7 5 
4 3 3 1 2 4 0 6 7 5 
5 2 3 1 2 4 5 6 7 0 
7 1 3 1 2 4 5 6 0 7 
6 1 3 1 2 4 5 0 6 7 
5 1 3 1 2 4 0 5 6 7 
4 3 3 1 2 0 4 5 6 7 
3 2 0 1 2 3 4 5 6 7 
1 1 1 0 2 3 4 5 6 7 
2 1 1 2 0 3 4 5 6 7 
3 1 1 2 3 0 4 5 6 7 
4 3 1 2 3 4 0 5 6 7 
5 1 1 2 3 4 5 0 6 7 
6 1 1 2 3 4 5 6 0 7 
7 1 1 2 3 4 5 6 7 0 
37 0.4632575511932373