0 0 7 2 1 5 6 3 0 4 
3 1 7 2 1 5 6 0 3 4 
6 1 7 2 1 5 0 6 3 4 
7 1 0 2 1 5 7 6 3 4 
5 2 5 2 1 0 7 6 3 4 
4 1 5 2 1 4 7 6 3 0 
7 2 5 2 1 4 0 6 3 7 
5 1 0 2 1 4 5 6 3 7 
4 2 4 2 1 0 5 6 3 7 
3 3 4 2 1 3 5 6 0 7 
7 1 4 2 1 3 5 6 7 0 
4 3 0 2 1 3 5 6 7 4 
3 2 3 2 1 0 5 6 7 4 
4 1 3 2 1 4 5 6 7 0 
7 1 3 2 1 4 5 6 0 7 
6 1 3 2 1 4 5 0 6 7 
2 1 3 0 1 4 5 2 6 7 
3 1 0 3 1 4 5 2 6 7 
4 2 4 3 1 0 5 2 6 7 
1 1 4 3 0 1 5 2 6 7 
3 1 4 0 3 1 5 2 6 7 
4 1 0 4 3 1 5 2 6 7 
1 2 1 4 3 0 5 2 6 7 
3 1 1 4 0 3 5 2 6 7 
4 1 1 0 4 3 5 2 6 7 
2 1 1 2 4 3 5 0 6 7 
6 1 1 2 4 3 5 6 0 7 
7 1 1 2 4 3 5 6 7 0 
4 3 1 2 0 3 5 6 7 4 
3 1 1 2 3 0 5 6 7 4 
4 1 1 2 3 4 5 6 7 0 
42 0.042955875396728516