0 0 2 5 0 4 3 7 1 6 
5 1 2 0 5 4 3 7 1 6 
2 1 0 2 5 4 3 7 1 6 
3 1 3 2 5 4 0 7 1 6 
2 3 3 0 5 4 2 7 1 6 
3 1 0 3 5 4 2 7 1 6 
4 2 4 3 5 0 2 7 1 6 
1 3 4 3 5 1 2 7 0 6 
6 1 4 3 5 1 2 7 6 0 
4 3 0 3 5 1 2 7 6 4 
1 2 1 3 5 0 2 7 6 4 
4 1 1 3 5 4 2 7 6 0 
6 1 1 3 5 4 2 7 0 6 
7 1 1 3 5 4 2 0 7 6 
2 1 1 3 5 4 0 2 7 6 
3 3 1 0 5 4 3 2 7 6 
2 1 1 2 5 4 3 0 7 6 
3 1 1 2 5 4 0 3 7 6 
6 2 1 2 5 4 6 3 7 0 
5 3 1 2 0 4 6 3 7 5 
4 1 1 2 4 0 6 3 7 5 
5 1 1 2 4 5 6 3 7 0 
6 2 1 2 4 5 0 3 7 6 
5 3 1 2 4 0 5 3 7 6 
4 1 1 2 0 4 5 3 7 6 
2 1 1 0 2 4 5 3 7 6 
3 1 1 3 2 4 5 0 7 6 
5 1 1 3 2 4 0 5 7 6 
3 3 1 0 2 4 3 5 7 6 
2 1 1 2 0 4 3 5 7 6 
4 1 1 2 4 0 3 5 7 6 
3 3 1 2 4 3 0 5 7 6 
5 1 1 2 4 3 5 0 7 6 
7 1 1 2 4 3 5 7 0 6 
4 1 1 2 0 3 5 7 4 6 
3 1 1 2 3 0 5 7 4 6 
4 3 1 2 3 4 5 7 0 6 
7 1 1 2 3 4 5 0 7 6 
5 1 1 2 3 4 0 5 7 6 
6 2 1 2 3 4 6 5 7 0 
7 1 1 2 3 4 6 5 0 7 
5 1 1 2 3 4 6 0 5 7 
6 1 1 2 3 4 0 6 5 7 
4 3 1 2 3 0 4 6 5 7 
5 3 1 2 3 5 4 6 0 7 
7 1 1 2 3 5 4 6 7 0 
4 2 1 2 3 5 0 6 7 4 
5 3 1 2 3 0 5 6 7 4 
4 1 1 2 3 4 5 6 7 0 
78 0.05095982551574707