0 0 4 0 1 3 7 6 2 5 
4 1 0 4 1 3 7 6 2 5 
3 2 3 4 1 0 7 6 2 5 
1 1 3 4 0 1 7 6 2 5 
4 1 3 0 4 1 7 6 2 5 
3 1 0 3 4 1 7 6 2 5 
1 2 1 3 4 0 7 6 2 5 
4 1 1 3 0 4 7 6 2 5 
2 1 1 3 2 4 7 6 0 5 
6 1 1 3 2 4 7 0 6 5 
7 1 1 3 2 4 0 7 6 5 
5 2 1 3 2 4 5 7 6 0 
2 3 1 3 0 4 5 7 6 2 
3 1 1 0 3 4 5 7 6 2 
7 1 1 7 3 4 5 0 6 2 
6 1 1 7 3 4 5 6 0 2 
2 1 1 7 3 4 5 6 2 0 
3 3 1 7 0 4 5 6 2 3 
2 1 1 7 2 4 5 6 0 3 
6 1 1 7 2 4 5 0 6 3 
7 1 1 0 2 4 5 7 6 3 
2 1 1 2 0 4 5 7 6 3 
6 1 1 2 6 4 5 7 0 3 
3 1 1 2 6 4 5 7 3 0 
6 3 1 2 0 4 5 7 3 6 
3 1 1 2 3 4 5 7 0 6 
7 1 1 2 3 4 5 0 7 6 
5 1 1 2 3 4 0 5 7 6 
6 2 1 2 3 4 6 5 7 0 
7 1 1 2 3 4 6 5 0 7 
5 1 1 2 3 4 6 0 5 7 
6 1 1 2 3 4 0 6 5 7 
4 3 1 2 3 0 4 6 5 7 
5 3 1 2 3 5 4 6 0 7 
7 1 1 2 3 5 4 6 7 0 
4 2 1 2 3 5 0 6 7 4 
5 3 1 2 3 0 5 6 7 4 
4 1 1 2 3 4 5 6 7 0 
54 0.01994776725769043