0 0 0 7 3 1 4 5 6 2 
1 2 1 7 3 0 4 5 6 2 
2 1 1 7 3 2 4 5 6 0 
4 2 1 7 3 2 0 5 6 4 
7 3 1 0 3 2 7 5 6 4 
3 1 1 3 0 2 7 5 6 4 
6 1 1 3 6 2 7 5 0 4 
5 1 1 3 6 2 7 0 5 4 
7 1 1 3 6 2 0 7 5 4 
4 2 1 3 6 2 4 7 5 0 
5 1 1 3 6 2 4 7 0 5 
7 1 1 3 6 2 4 0 7 5 
4 1 1 3 6 2 0 4 7 5 
5 2 1 3 6 2 5 4 7 0 
7 1 1 3 6 2 5 4 0 7 
6 1 1 3 0 2 5 4 6 7 
2 1 1 3 2 0 5 4 6 7 
7 1 1 3 2 7 5 4 6 0 
5 2 1 3 2 7 0 4 6 5 
7 3 1 3 2 0 7 4 6 5 
2 1 1 3 0 2 7 4 6 5 
6 1 1 3 6 2 7 4 0 5 
5 1 1 3 6 2 7 4 5 0 
7 2 1 3 6 2 0 4 5 7 
2 3 1 3 6 0 2 4 5 7 
5 3 1 3 6 5 2 4 0 7 
6 1 1 3 0 5 2 4 6 7 
5 1 1 3 5 0 2 4 6 7 
7 1 1 3 5 7 2 4 6 0 
42 0.0489497184753418