0 0 6 0 4 2 7 5 1 3 
6 1 0 6 4 2 7 5 1 3 
2 2 2 6 4 0 7 5 1 3 
4 1 2 6 0 4 7 5 1 3 
6 1 2 0 6 4 7 5 1 3 
5 1 2 5 6 4 7 0 1 3 
7 1 2 5 6 4 0 7 1 3 
3 2 2 5 6 4 3 7 1 0 
1 1 2 5 6 4 3 7 0 1 
7 1 2 5 6 4 3 0 7 1 
3 1 2 5 6 4 0 3 7 1 
5 3 2 0 6 4 5 3 7 1 
3 1 2 3 6 4 5 0 7 1 
7 1 2 3 6 4 5 7 0 1 
1 1 2 3 6 4 5 7 1 0 
6 3 2 3 0 4 5 7 1 6 
1 1 2 3 1 4 5 7 0 6 
7 1 2 3 1 4 5 0 7 6 
5 1 2 3 1 4 0 5 7 6 
6 2 2 3 1 4 6 5 7 0 
7 1 2 3 1 4 6 5 0 7 
5 1 2 3 1 4 6 0 5 7 
6 1 2 3 1 4 0 6 5 7 
4 3 2 3 1 0 4 6 5 7 
5 3 2 3 1 5 4 6 0 7 
7 1 2 3 1 5 4 6 7 0 
5 1 2 3 1 0 4 6 7 5 
4 3 2 3 1 4 0 6 7 5 
5 2 2 3 1 4 5 6 7 0 
7 1 2 3 1 4 5 6 0 7 
6 1 2 3 1 4 5 0 6 7 
5 1 2 3 1 4 0 5 6 7 
4 3 2 3 1 0 4 5 6 7 
1 1 2 3 0 1 4 5 6 7 
3 1 2 0 3 1 4 5 6 7 
2 1 0 2 3 1 4 5 6 7 
1 2 1 2 3 0 4 5 6 7 
4 3 1 2 3 4 0 5 6 7 
5 1 1 2 3 4 5 0 6 7 
6 1 1 2 3 4 5 6 0 7 
7 1 1 2 3 4 5 6 7 0 
59 0.04588508605957031