0 0 5 2 1 6 3 0 4 7 
3 1 5 2 1 6 0 3 4 7 
5 1 0 2 1 6 5 3 4 7 
3 3 3 2 1 6 5 0 4 7 
5 1 3 2 1 6 0 5 4 7 
6 3 3 2 1 0 6 5 4 7 
4 3 3 2 1 4 6 5 0 7 
5 1 3 2 1 4 6 0 5 7 
2 1 3 0 1 4 6 2 5 7 
3 1 0 3 1 4 6 2 5 7 
4 2 4 3 1 0 6 2 5 7 
1 1 4 3 0 1 6 2 5 7 
3 1 4 0 3 1 6 2 5 7 
4 1 0 4 3 1 6 2 5 7 
1 2 1 4 3 0 6 2 5 7 
6 3 1 4 3 6 0 2 5 7 
2 1 1 4 3 6 2 0 5 7 
5 1 1 4 3 6 2 5 0 7 
7 1 1 4 3 6 2 5 7 0 
6 1 1 4 3 0 2 5 7 6 
2 3 1 4 3 2 0 5 7 6 
5 1 1 4 3 2 5 0 7 6 
7 1 1 4 3 2 5 7 0 6 
6 1 1 4 3 2 5 7 6 0 
2 1 1 4 3 0 5 7 6 2 
3 1 1 4 0 3 5 7 6 2 
6 1 1 4 6 3 5 7 0 2 
7 1 1 4 6 3 5 0 7 2 
5 1 1 4 6 3 0 5 7 2 
2 2 1 4 6 3 2 5 7 0 
7 1 1 4 6 3 2 5 0 7 
6 1 1 4 0 3 2 5 6 7 
3 1 1 4 3 0 2 5 6 7 
2 3 1 4 3 2 0 5 6 7 
4 3 1 0 3 2 4 5 6 7 
3 1 1 3 0 2 4 5 6 7 
6 1 1 3 6 2 4 5 0 7 
5 1 1 3 6 2 4 0 5 7 
4 1 1 3 6 2 0 4 5 7 
2 3 1 3 6 0 2 4 5 7 
5 3 1 3 6 5 2 4 0 7 
6 1 1 3 0 5 2 4 6 7 
5 1 1 3 5 0 2 4 6 7 
7 1 1 3 5 7 2 4 6 0 
64 0.08676862716674805