0 0 6 0 1 5 2 4 7 3 
6 1 0 6 1 5 2 4 7 3 
5 2 5 6 1 0 2 4 7 3 
1 1 5 6 0 1 2 4 7 3 
6 1 5 0 6 1 2 4 7 3 
5 1 0 5 6 1 2 4 7 3 
1 2 1 5 6 0 2 4 7 3 
6 1 1 5 0 6 2 4 7 3 
5 1 1 0 5 6 2 4 7 3 
4 1 1 4 5 6 2 0 7 3 
7 1 1 4 5 6 2 7 0 3 
3 1 1 4 5 6 2 7 3 0 
6 1 1 4 5 0 2 7 3 6 
3 3 1 4 5 3 2 7 0 6 
6 1 1 4 5 3 2 7 6 0 
3 1 1 4 5 0 2 7 6 3 
2 3 1 4 5 2 0 7 6 3 
7 1 1 4 5 2 7 0 6 3 
4 1 1 0 5 2 7 4 6 3 
5 1 1 5 0 2 7 4 6 3 
2 1 1 5 2 0 7 4 6 3 
3 1 1 5 2 3 7 4 6 0 
7 2 1 5 2 3 0 4 6 7 
5 3 1 0 2 3 5 4 6 7 
2 1 1 2 0 3 5 4 6 7 
3 1 1 2 3 0 5 4 6 7 
7 1 1 2 3 7 5 4 6 0 
5 2 1 2 3 7 0 4 6 5 
2 3 1 0 3 7 2 4 6 5 
3 1 1 3 0 7 2 4 6 5 
6 1 1 3 6 7 2 4 0 5 
5 1 1 3 6 7 2 4 5 0 
6 3 1 3 0 7 2 4 5 6 
5 1 1 3 5 7 2 4 0 6 
6 1 1 3 5 7 2 4 6 0 
48 0.013997793197631836