0 0 3 7 6 1 0 4 5 2 
3 1 0 7 6 1 3 4 5 2 
1 2 1 7 6 0 3 4 5 2 
6 1 1 7 0 6 3 4 5 2 
5 1 1 7 5 6 3 4 0 2 
2 1 1 7 5 6 3 4 2 0 
6 1 1 7 5 0 3 4 2 6 
2 3 1 7 5 2 3 4 0 6 
6 1 1 7 5 2 3 4 6 0 
3 2 1 7 5 2 0 4 6 3 
2 3 1 7 5 0 2 4 6 3 
3 1 1 7 5 3 2 4 6 0 
5 3 1 7 0 3 2 4 6 5 
3 1 1 7 3 0 2 4 6 5 
2 3 1 7 3 2 0 4 6 5 
7 3 1 0 3 2 7 4 6 5 
3 1 1 3 0 2 7 4 6 5 
2 1 1 3 2 0 7 4 6 5 
5 1 1 3 2 5 7 4 6 0 
2 3 1 3 0 5 7 4 6 2 
5 1 1 3 5 0 7 4 6 2 
2 1 1 3 5 2 7 4 6 0 
7 2 1 3 5 2 0 4 6 7 
2 3 1 3 5 0 2 4 6 7 
7 1 1 3 5 7 2 4 6 0 
41 0.017951250076293945