0 0 7 4 0 5 3 2 6 1 
4 1 7 0 4 5 3 2 6 1 
7 1 0 7 4 5 3 2 6 1 
2 3 2 7 4 5 3 0 6 1 
7 1 2 0 4 5 3 7 6 1 
4 1 2 4 0 5 3 7 6 1 
5 1 2 4 5 0 3 7 6 1 
1 1 2 4 5 1 3 7 6 0 
6 1 2 4 5 1 3 7 0 6 
7 1 2 4 5 1 3 0 7 6 
4 1 2 0 5 1 3 4 7 6 
2 1 0 2 5 1 3 4 7 6 
1 2 1 2 5 0 3 4 7 6 
3 3 1 2 5 3 0 4 7 6 
4 1 1 2 5 3 4 0 7 6 
7 1 1 2 5 3 4 7 0 6 
5 1 1 2 0 3 4 7 5 6 
3 1 1 2 3 0 4 7 5 6 
4 3 1 2 3 4 0 7 5 6 
6 2 1 2 3 4 6 7 5 0 
5 1 1 2 3 4 6 7 0 5 
7 1 1 2 3 4 6 0 7 5 
6 1 1 2 3 4 0 6 7 5 
5 2 1 2 3 4 5 6 7 0 
32 0.012964248657226562