0 0 1 0 7 6 2 4 3 5 
4 1 1 4 7 6 2 0 3 5 
2 1 1 4 7 6 0 2 3 5 
6 3 1 4 7 0 6 2 3 5 
3 3 1 4 7 3 6 2 0 5 
7 1 1 4 0 3 6 2 7 5 
3 1 1 4 3 0 6 2 7 5 
5 1 1 4 3 5 6 2 7 0 
6 2 1 4 3 5 0 2 7 6 
5 3 1 4 3 0 5 2 7 6 
3 1 1 4 0 3 5 2 7 6 
4 1 1 0 4 3 5 2 7 6 
2 1 1 2 4 3 5 0 7 6 
7 1 1 2 4 3 5 7 0 6 
6 1 1 2 4 3 5 7 6 0 
5 2 1 2 4 3 0 7 6 5 
2 3 1 0 4 3 2 7 6 5 
4 1 1 4 0 3 2 7 6 5 
6 1 1 4 6 3 2 7 0 5 
7 1 1 4 6 3 2 0 7 5 
2 1 1 4 6 3 0 2 7 5 
5 2 1 4 6 3 5 2 7 0 
7 1 1 4 6 3 5 2 0 7 
6 1 1 4 0 3 5 2 6 7 
4 1 1 0 4 3 5 2 6 7 
2 1 1 2 4 3 5 0 6 7 
6 1 1 2 4 3 5 6 0 7 
7 1 1 2 4 3 5 6 7 0 
4 3 1 2 0 3 5 6 7 4 
3 1 1 2 3 0 5 6 7 4 
4 1 1 2 3 4 5 6 7 0 
43 0.030050277709960938