0 0 2 6 4 7 5 3 1 0 
5 2 2 6 4 7 0 3 1 5 
2 1 0 6 4 7 2 3 1 5 
3 3 3 6 4 7 2 0 1 5 
6 1 3 0 4 7 2 6 1 5 
3 1 0 3 4 7 2 6 1 5 
6 3 6 3 4 7 2 0 1 5 
1 1 6 3 4 7 2 1 0 5 
5 1 6 3 4 7 2 1 5 0 
6 3 0 3 4 7 2 1 5 6 
1 3 1 3 4 7 2 0 5 6 
5 1 1 3 4 7 2 5 0 6 
6 1 1 3 4 7 2 5 6 0 
4 3 1 3 0 7 2 5 6 4 
3 1 1 0 3 7 2 5 6 4 
5 1 1 5 3 7 2 0 6 4 
2 1 1 5 3 7 0 2 6 4 
5 3 1 0 3 7 5 2 6 4 
2 1 1 2 3 7 5 0 6 4 
6 1 1 2 3 7 5 6 0 4 
4 1 1 2 3 7 5 6 4 0 
7 1 1 2 3 0 5 6 4 7 
4 3 1 2 3 4 5 6 0 7 
7 1 1 2 3 4 5 6 7 0 
38 0.010002374649047852