0 0 6 0 4 1 7 5 2 3 
6 1 0 6 4 1 7 5 2 3 
1 2 1 6 4 0 7 5 2 3 
4 1 1 6 0 4 7 5 2 3 
6 1 1 0 6 4 7 5 2 3 
5 1 1 5 6 4 7 0 2 3 
2 1 1 5 6 4 7 2 0 3 
6 1 1 5 0 4 7 2 6 3 
5 1 1 0 5 4 7 2 6 3 
2 1 1 2 5 4 7 0 6 3 
7 1 1 2 5 4 0 7 6 3 
3 2 1 2 5 4 3 7 6 0 
6 1 1 2 5 4 3 7 0 6 
7 1 1 2 5 4 3 0 7 6 
3 1 1 2 5 4 0 3 7 6 
6 2 1 2 5 4 6 3 7 0 
7 1 1 2 5 4 6 3 0 7 
3 1 1 2 5 4 6 0 3 7 
6 1 1 2 5 4 0 6 3 7 
4 3 1 2 5 0 4 6 3 7 
5 1 1 2 0 5 4 6 3 7 
3 1 1 2 3 5 4 6 0 7 
7 1 1 2 3 5 4 6 7 0 
5 1 1 2 3 0 4 6 7 5 
4 3 1 2 3 4 0 6 7 5 
5 2 1 2 3 4 5 6 7 0 
33 0.00498652458190918