0 0 3 1 7 5 0 2 4 6 
3 1 0 1 7 5 3 2 4 6 
1 1 1 0 7 5 3 2 4 6 
2 1 1 2 7 5 3 0 4 6 
3 1 1 2 7 5 0 3 4 6 
5 3 1 2 7 0 5 3 4 6 
7 1 1 2 0 7 5 3 4 6 
4 1 1 2 4 7 5 3 0 6 
6 1 1 2 4 7 5 3 6 0 
5 2 1 2 4 7 0 3 6 5 
2 3 1 0 4 7 2 3 6 5 
3 1 1 3 4 7 2 0 6 5 
6 1 1 3 4 7 2 6 0 5 
5 1 1 3 4 7 2 6 5 0 
4 3 1 3 0 7 2 6 5 4 
5 1 1 3 5 7 2 6 0 4 
6 1 1 3 5 7 2 0 6 4 
2 1 1 3 5 7 0 2 6 4 
4 2 1 3 5 7 4 2 6 0 
6 1 1 3 5 7 4 2 0 6 
2 1 1 3 5 7 4 0 2 6 
4 1 1 3 5 7 0 4 2 6 
6 2 1 3 5 7 6 4 2 0 
7 1 1 3 5 0 6 4 2 7 
2 3 1 3 5 2 6 4 0 7 
7 1 1 3 5 2 6 4 7 0 
6 2 1 3 5 2 0 4 7 6 
2 3 1 3 5 0 2 4 7 6 
7 3 1 3 5 7 2 4 0 6 
6 1 1 3 5 7 2 4 6 0 
45 0.015955686569213867