0 0 6 1 4 5 2 0 3 7 
3 1 6 1 4 5 2 3 0 7 
7 1 6 1 4 5 2 3 7 0 
6 3 0 1 4 5 2 3 7 6 
1 1 1 0 4 5 2 3 7 6 
3 1 1 3 4 5 2 0 7 6 
7 1 1 3 4 5 2 7 0 6 
4 1 1 3 0 5 2 7 4 6 
5 1 1 3 5 0 2 7 4 6 
2 3 1 3 5 2 0 7 4 6 
7 1 1 3 5 2 7 0 4 6 
4 1 1 3 5 2 7 4 0 6 
6 1 1 3 5 2 7 4 6 0 
2 1 1 3 5 0 7 4 6 2 
6 3 1 3 5 6 7 4 0 2 
2 1 1 3 5 6 7 4 2 0 
6 1 1 3 5 0 7 4 2 6 
7 3 1 3 5 7 0 4 2 6 
4 1 1 3 5 7 4 0 2 6 
2 1 1 3 5 7 4 2 0 6 
6 1 1 3 5 7 4 2 6 0 
4 2 1 3 5 7 0 2 6 4 
7 3 1 3 5 0 7 2 6 4 
6 3 1 3 5 6 7 2 0 4 
4 1 1 3 5 6 7 2 4 0 
6 1 1 3 5 0 7 2 4 6 
7 3 1 3 5 7 0 2 4 6 
2 1 1 3 5 7 2 0 4 6 
4 1 1 3 5 7 2 4 0 6 
6 1 1 3 5 7 2 4 6 0 
44 0.023933887481689453