0 0 6 7 4 3 5 1 0 2 
4 1 6 7 0 3 5 1 4 2 
7 1 6 0 7 3 5 1 4 2 
6 1 0 6 7 3 5 1 4 2 
1 3 1 6 7 3 5 0 4 2 
6 1 1 0 7 3 5 6 4 2 
7 1 1 7 0 3 5 6 4 2 
3 1 1 7 3 0 5 6 4 2 
4 3 1 7 3 4 5 6 0 2 
2 1 1 7 3 4 5 6 2 0 
3 3 1 7 0 4 5 6 2 3 
2 1 1 7 2 4 5 6 0 3 
6 1 1 7 2 4 5 0 6 3 
7 1 1 0 2 4 5 7 6 3 
2 1 1 2 0 4 5 7 6 3 
6 1 1 2 6 4 5 7 0 3 
3 1 1 2 6 4 5 7 3 0 
6 3 1 2 0 4 5 7 3 6 
3 1 1 2 3 4 5 7 0 6 
7 1 1 2 3 4 5 0 7 6 
5 1 1 2 3 4 0 5 7 6 
6 2 1 2 3 4 6 5 7 0 
7 1 1 2 3 4 6 5 0 7 
5 1 1 2 3 4 6 0 5 7 
6 1 1 2 3 4 0 6 5 7 
4 3 1 2 3 0 4 6 5 7 
5 3 1 2 3 5 4 6 0 7 
7 1 1 2 3 5 4 6 7 0 
4 2 1 2 3 5 0 6 7 4 
5 3 1 2 3 0 5 6 7 4 
4 1 1 2 3 4 5 6 7 0 
46 0.015980958938598633