0 0 5 0 3 2 6 4 1 7 
5 1 0 5 3 2 6 4 1 7 
2 2 2 5 3 0 6 4 1 7 
3 1 2 5 0 3 6 4 1 7 
5 1 2 0 5 3 6 4 1 7 
2 1 0 2 5 3 6 4 1 7 
3 2 3 2 5 0 6 4 1 7 
1 3 3 2 5 1 6 4 0 7 
7 1 3 2 5 1 6 4 7 0 
6 2 3 2 5 1 0 4 7 6 
3 1 0 2 5 1 3 4 7 6 
1 2 1 2 5 0 3 4 7 6 
3 3 1 2 5 3 0 4 7 6 
6 2 1 2 5 3 6 4 7 0 
5 3 1 2 0 3 6 4 7 5 
3 1 1 2 3 0 6 4 7 5 
5 1 1 2 3 5 6 4 7 0 
6 2 1 2 3 5 0 4 7 6 
5 3 1 2 3 0 5 4 7 6 
7 3 1 2 3 7 5 4 0 6 
6 1 1 2 3 7 5 4 6 0 
5 2 1 2 3 7 0 4 6 5 
2 3 1 0 3 7 2 4 6 5 
3 1 1 3 0 7 2 4 6 5 
6 1 1 3 6 7 2 4 0 5 
5 1 1 3 6 7 2 4 5 0 
6 3 1 3 0 7 2 4 5 6 
5 1 1 3 5 7 2 4 0 6 
6 1 1 3 5 7 2 4 6 0 
49 0.005984783172607422