0 0 7 4 0 3 6 5 2 1 
4 1 7 0 4 3 6 5 2 1 
7 1 0 7 4 3 6 5 2 1 
3 2 3 7 4 0 6 5 2 1 
4 1 3 7 0 4 6 5 2 1 
7 1 3 0 7 4 6 5 2 1 
5 1 3 5 7 4 6 0 2 1 
6 1 3 5 7 4 0 6 2 1 
5 3 3 0 7 4 5 6 2 1 
7 1 3 7 0 4 5 6 2 1 
2 1 3 7 2 4 5 6 0 1 
1 1 3 7 2 4 5 6 1 0 
2 3 3 7 0 4 5 6 1 2 
1 1 3 7 1 4 5 6 0 2 
2 1 3 7 1 4 5 6 2 0 
3 3 0 7 1 4 5 6 2 3 
7 1 7 0 1 4 5 6 2 3 
1 1 7 1 0 4 5 6 2 3 
2 1 7 1 2 4 5 6 0 3 
3 1 7 1 2 4 5 6 3 0 
7 3 0 1 2 4 5 6 3 7 
1 1 1 0 2 4 5 6 3 7 
2 1 1 2 0 4 5 6 3 7 
3 1 1 2 3 4 5 6 0 7 
7 1 1 2 3 4 5 6 7 0 
33 0.004007101058959961