0 0 7 5 0 4 6 2 1 3 
5 1 7 0 5 4 6 2 1 3 
7 1 0 7 5 4 6 2 1 3 
2 3 2 7 5 4 6 0 1 3 
7 1 2 0 5 4 6 7 1 3 
2 1 0 2 5 4 6 7 1 3 
6 1 6 2 5 4 0 7 1 3 
2 3 6 0 5 4 2 7 1 3 
6 1 0 6 5 4 2 7 1 3 
4 2 4 6 5 0 2 7 1 3 
1 3 4 6 5 1 2 7 0 3 
7 1 4 6 5 1 2 0 7 3 
6 1 4 0 5 1 2 6 7 3 
4 1 0 4 5 1 2 6 7 3 
1 2 1 4 5 0 2 6 7 3 
2 3 1 4 5 2 0 6 7 3 
3 2 1 4 5 2 3 6 7 0 
5 3 1 4 0 2 3 6 7 5 
2 1 1 4 2 0 3 6 7 5 
3 3 1 4 2 3 0 6 7 5 
4 3 1 0 2 3 4 6 7 5 
2 1 1 2 0 3 4 6 7 5 
3 1 1 2 3 0 4 6 7 5 
4 3 1 2 3 4 0 6 7 5 
5 2 1 2 3 4 5 6 7 0 
44 0.002992391586303711