0 0 4 6 1 2 7 5 0 3 
1 1 4 6 0 2 7 5 1 3 
6 1 4 0 6 2 7 5 1 3 
4 1 0 4 6 2 7 5 1 3 
2 2 2 4 6 0 7 5 1 3 
6 1 2 4 0 6 7 5 1 3 
4 1 2 0 4 6 7 5 1 3 
2 1 0 2 4 6 7 5 1 3 
5 3 5 2 4 6 7 0 1 3 
7 1 5 2 4 6 0 7 1 3 
5 1 0 2 4 6 5 7 1 3 
6 2 6 2 4 0 5 7 1 3 
4 1 6 2 0 4 5 7 1 3 
1 1 6 2 1 4 5 7 0 3 
7 1 6 2 1 4 5 0 7 3 
2 1 6 0 1 4 5 2 7 3 
6 1 0 6 1 4 5 2 7 3 
2 3 2 6 1 4 5 0 7 3 
6 1 2 0 1 4 5 6 7 3 
2 1 0 2 1 4 5 6 7 3 
4 2 4 2 1 0 5 6 7 3 
3 1 4 2 1 3 5 6 7 0 
4 3 0 2 1 3 5 6 7 4 
3 2 3 2 1 0 5 6 7 4 
4 1 3 2 1 4 5 6 7 0 
1 3 3 2 0 4 5 6 7 1 
4 1 3 2 4 0 5 6 7 1 
1 1 3 2 4 1 5 6 7 0 
3 3 0 2 4 1 5 6 7 3 
1 2 1 2 4 0 5 6 7 3 
3 1 1 2 4 3 5 6 7 0 
4 3 1 2 0 3 5 6 7 4 
3 1 1 2 3 0 5 6 7 4 
4 1 1 2 3 4 5 6 7 0 
50 0.004959583282470703