0 0 2 4 5 7 6 3 1 0 
6 2 2 4 5 7 0 3 1 6 
2 1 0 4 5 7 2 3 1 6 
3 3 3 4 5 7 2 0 1 6 
4 1 3 0 5 7 2 4 1 6 
3 1 0 3 5 7 2 4 1 6 
4 3 4 3 5 7 2 0 1 6 
1 1 4 3 5 7 2 1 0 6 
6 1 4 3 5 7 2 1 6 0 
4 3 0 3 5 7 2 1 6 4 
1 3 1 3 5 7 2 0 6 4 
2 1 1 3 5 7 0 2 6 4 
4 2 1 3 5 7 4 2 6 0 
6 1 1 3 5 7 4 2 0 6 
2 1 1 3 5 7 4 0 2 6 
4 1 1 3 5 7 0 4 2 6 
6 2 1 3 5 7 6 4 2 0 
7 1 1 3 5 0 6 4 2 7 
2 3 1 3 5 2 6 4 0 7 
7 1 1 3 5 2 6 4 7 0 
6 2 1 3 5 2 0 4 7 6 
2 3 1 3 5 0 2 4 7 6 
7 3 1 3 5 7 2 4 0 6 
6 1 1 3 5 7 2 4 6 0 
41 0.017950773239135742