0 0 7 3 2 5 4 1 0 6 
6 1 7 3 2 5 4 1 6 0 
4 2 7 3 2 5 0 1 6 4 
1 1 7 3 2 5 1 0 6 4 
6 1 7 3 2 5 1 6 0 4 
4 1 7 3 2 5 1 6 4 0 
7 3 0 3 2 5 1 6 4 7 
1 1 1 3 2 5 0 6 4 7 
5 3 1 3 2 0 5 6 4 7 
4 3 1 3 2 4 5 6 0 7 
7 1 1 3 2 4 5 6 7 0 
4 1 1 3 2 0 5 6 7 4 
5 3 1 3 2 5 0 6 7 4 
6 1 1 3 2 5 6 0 7 4 
7 1 1 3 2 5 6 7 0 4 
4 1 1 3 2 5 6 7 4 0 
6 2 1 3 2 5 0 7 4 6 
7 1 1 3 2 5 7 0 4 6 
4 1 1 3 2 5 7 4 0 6 
2 1 1 3 0 5 7 4 2 6 
5 1 1 3 5 0 7 4 2 6 
7 3 1 3 5 7 0 4 2 6 
4 1 1 3 5 7 4 0 2 6 
2 1 1 3 5 7 4 2 0 6 
6 1 1 3 5 7 4 2 6 0 
4 2 1 3 5 7 0 2 6 4 
7 3 1 3 5 0 7 2 6 4 
6 3 1 3 5 6 7 2 0 4 
4 1 1 3 5 6 7 2 4 0 
6 1 1 3 5 0 7 2 4 6 
7 3 1 3 5 7 0 2 4 6 
2 1 1 3 5 7 2 0 4 6 
4 1 1 3 5 7 2 4 0 6 
6 1 1 3 5 7 2 4 6 0 
52 0.11528134346008301