0 0 4 6 5 1 7 0 3 2 
6 1 4 0 5 1 7 6 3 2 
4 1 0 4 5 1 7 6 3 2 
1 2 1 4 5 0 7 6 3 2 
2 1 1 4 5 2 7 6 3 0 
7 2 1 4 5 2 0 6 3 7 
6 1 1 4 5 2 6 0 3 7 
3 1 1 4 5 2 6 3 0 7 
5 1 1 4 0 2 6 3 5 7 
2 1 1 4 2 0 6 3 5 7 
5 3 1 4 2 5 6 3 0 7 
3 1 1 4 2 5 6 0 3 7 
6 1 1 4 2 5 0 6 3 7 
5 3 1 4 2 0 5 6 3 7 
3 3 1 4 2 3 5 6 0 7 
2 1 1 4 0 3 5 6 2 7 
3 1 1 4 3 0 5 6 2 7 
2 3 1 4 3 2 5 6 0 7 
6 1 1 4 3 2 5 0 6 7 
4 1 1 0 3 2 5 4 6 7 
3 1 1 3 0 2 5 4 6 7 
2 1 1 3 2 0 5 4 6 7 
7 1 1 3 2 7 5 4 6 0 
5 2 1 3 2 7 0 4 6 5 
7 3 1 3 2 0 7 4 6 5 
2 1 1 3 0 2 7 4 6 5 
6 1 1 3 6 2 7 4 0 5 
5 1 1 3 6 2 7 4 5 0 
7 2 1 3 6 2 0 4 5 7 
2 3 1 3 6 0 2 4 5 7 
5 3 1 3 6 5 2 4 0 7 
6 1 1 3 0 5 2 4 6 7 
5 1 1 3 5 0 2 4 6 7 
7 1 1 3 5 7 2 4 6 0 
51 0.07183647155761719