0 0 2 5 0 4 3 1 6 7 
5 1 2 0 5 4 3 1 6 7 
2 1 0 2 5 4 3 1 6 7 
1 3 1 2 5 4 3 0 6 7 
3 1 1 2 5 4 0 3 6 7 
2 3 1 0 5 4 2 3 6 7 
3 1 1 3 5 4 2 0 6 7 
2 1 1 3 5 4 0 2 6 7 
7 2 1 3 5 4 7 2 6 0 
4 1 1 3 5 0 7 2 6 4 
7 3 1 3 5 7 0 2 6 4 
4 2 1 3 5 7 4 2 6 0 
6 1 1 3 5 7 4 2 0 6 
2 1 1 3 5 7 4 0 2 6 
4 1 1 3 5 7 0 4 2 6 
6 2 1 3 5 7 6 4 2 0 
7 1 1 3 5 0 6 4 2 7 
2 3 1 3 5 2 6 4 0 7 
7 1 1 3 5 2 6 4 7 0 
6 2 1 3 5 2 0 4 7 6 
2 3 1 3 5 0 2 4 7 6 
7 3 1 3 5 7 2 4 0 6 
6 1 1 3 5 7 2 4 6 0 
38 0.014960289001464844