0 0 3 2 5 4 0 7 6 1 
1 2 3 2 5 4 1 7 6 0 
6 1 3 2 5 4 1 7 0 6 
5 1 3 2 0 4 1 7 5 6 
4 1 3 2 4 0 1 7 5 6 
1 3 3 2 4 1 0 7 5 6 
2 3 3 0 4 1 2 7 5 6 
3 1 0 3 4 1 2 7 5 6 
1 2 1 3 4 0 2 7 5 6 
6 1 1 3 4 6 2 7 5 0 
2 2 1 3 4 6 0 7 5 2 
6 3 1 3 4 0 6 7 5 2 
2 1 1 3 4 2 6 7 5 0 
4 3 1 3 0 2 6 7 5 4 
2 1 1 3 2 0 6 7 5 4 
4 1 1 3 2 4 6 7 5 0 
5 1 1 3 2 4 6 7 0 5 
7 1 1 3 2 4 6 0 7 5 
6 1 1 3 2 4 0 6 7 5 
5 2 1 3 2 4 5 6 7 0 
7 1 1 3 2 4 5 6 0 7 
2 1 1 3 0 4 5 6 2 7 
4 1 1 3 4 0 5 6 2 7 
2 3 1 3 4 2 5 6 0 7 
7 1 1 3 4 2 5 6 7 0 
5 2 1 3 4 2 0 6 7 5 
2 3 1 3 4 0 2 6 7 5 
4 1 1 3 0 4 2 6 7 5 
3 1 1 0 3 4 2 6 7 5 
6 1 1 6 3 4 2 0 7 5 
2 1 1 6 3 4 0 2 7 5 
6 3 1 0 3 4 6 2 7 5 
2 1 1 2 3 4 6 0 7 5 
6 1 1 2 3 4 0 6 7 5 
5 2 1 2 3 4 5 6 7 0 
54 0.031914710998535156