0 0 2 6 7 3 0 4 1 5 
6 3 2 0 7 3 6 4 1 5 
4 1 2 4 7 3 6 0 1 5 
6 1 2 4 7 3 0 6 1 5 
5 2 2 4 7 3 5 6 1 0 
1 1 2 4 7 3 5 6 0 1 
6 1 2 4 7 3 5 0 6 1 
5 1 2 4 7 3 0 5 6 1 
1 2 2 4 7 3 1 5 6 0 
7 3 2 4 0 3 1 5 6 7 
3 1 2 4 3 0 1 5 6 7 
2 2 0 4 3 2 1 5 6 7 
1 1 1 4 3 2 0 5 6 7 
4 3 1 0 3 2 4 5 6 7 
3 1 1 3 0 2 4 5 6 7 
6 1 1 3 6 2 4 5 0 7 
5 1 1 3 6 2 4 0 5 7 
4 1 1 3 6 2 0 4 5 7 
2 3 1 3 6 0 2 4 5 7 
5 3 1 3 6 5 2 4 0 7 
6 1 1 3 0 5 2 4 6 7 
5 1 1 3 5 0 2 4 6 7 
7 1 1 3 5 7 2 4 6 0 
35 0.035974979400634766