0 0 5 1 2 7 6 0 4 3 
1 1 5 0 2 7 6 1 4 3 
5 1 0 5 2 7 6 1 4 3 
1 3 1 5 2 7 6 0 4 3 
5 1 1 0 2 7 6 5 4 3 
2 1 1 2 0 7 6 5 4 3 
4 1 1 2 4 7 6 5 0 3 
5 1 1 2 4 7 6 0 5 3 
6 1 1 2 4 7 0 6 5 3 
7 3 1 2 4 0 7 6 5 3 
4 1 1 2 0 4 7 6 5 3 
5 1 1 2 5 4 7 6 0 3 
3 1 1 2 5 4 7 6 3 0 
5 3 1 2 0 4 7 6 3 5 
3 1 1 2 3 4 7 6 0 5 
5 1 1 2 3 4 7 6 5 0 
7 2 1 2 3 4 0 6 5 7 
4 3 1 2 3 0 4 6 5 7 
5 3 1 2 3 5 4 6 0 7 
7 1 1 2 3 5 4 6 7 0 
4 2 1 2 3 5 0 6 7 4 
5 3 1 2 3 0 5 6 7 4 
4 1 1 2 3 4 5 6 7 0 
36 0.005984067916870117